0.8103545	0.7815943	0.38510036	0.7896456	0.8828021	0.46796322	0.9340362
0.9165753	0.5017621	0.08814734	0.13948822	0.88947195	0.858442	0.071974635
0.24980927	0.9418571	0.35854757	0.4905957	0.44954705	0.61003906	0.022245944
0.18313247	0.6741322	0.6997592	0.7827769	0.7531842	0.5076146	0.30891
0.6755229	0.4193604	0.21031547	0.33388722	0.6955789	0.80241126	0.501127
0.36390477	0.09154099	0.96276253	0.11326051	0.4257719	0.5805008	0.67120045
0.3179738	0.0406726	0.8764531	0.25610697	0.0717957	0.9556923	0.8549362
0.002531588	0.6882141	0.7404741	0.44333094	0.78402394	0.33564204	0.23781574
0.7976677	0.3056277	0.03097117	0.68914884	0.40653443	0.044049025	0.3872791
0.9480417	0.61398613	0.8653302	0.78615034	0.45972234	0.58911675	0.35976303
0.719187	0.6138267	0.4609025	0.90112317	0.14055043	0.6243161	0.5271032
0.165111	0.4487992	0.42884225	0.9264499	0.032669425	0.13154292	0.16138113
0.9280182	0.41899133	0.8181638	0.4425612	0.13275933	0.2882334	0.1643197
0.8400782	0.62490696	0.020375967	0.5492717	0.3110736	0.8013093	0.8440805
0.77810615	0.77142215	0.8926996	0.42048764	0.8052487	0.98694605	0.91237813
0.52589613	0.66417587	0.25835615	0.024766386	0.97348404	0.33227515	0.2516479
0.9043227	0.73755676	0.21204174	0.08713448	0.25176477	0.6895695	0.5285906
0.50420976	0.6095317	0.2586825	0.9388611	0.8766233	0.24051857	0.8581174
0.28417385	0.9111756	0.7755112	0.28827995	0.64162797	0.8473173	0.99686176
0.45704442	0.7977708	0.4538496	0.67878455	0.11312044	0.2640769	0.75584507
0.20739973	0.2289123	0.5947613	0.89765257	0.5914601	0.43518108	0.51851827
0.8591291	0.25993955	0.8559723	0.8179585	0.47141552	0.37649542	0.74830353
0.01955998	0.45296806	0.9067834	0.5541134	0.10604948	0.19436514	0.9714424
0.96055096	0.62219846	0.13321799	0.8006505	0.2086159	0.91770256	0.58743167
0.7124632	0.9078448	0.3050568	0.4576276	0.4600113	0.46041435	0.76458365
0.124783814	0.7424212	0.63142526	0.5147847	0.40135837	0.23759705	0.5244111
0.19215512	0.7424179	0.5124398	0.37223458	0.866914	0.09665948	0.61720794
0.08099508	0.24772859	0.128973	0.50133556	0.25273418	0.48048055	0.6729442
0.31175268	0.7770749	0.13429862	0.6988705	0.93537825	0.8874832	0.5314603
0.97650164	0.43679494	0.8609567	0.2717343	0.017634869	0.03163612	0.85336804
