
==================== thermo_init_scaled_random_1e5_dir0_stage2_10000 ====================
epoch,stage2_loss,temperature_MSE,peak_T_K,ignites,ignition_delay_s,thermo_linear_norm,coeff_H2,coeff_H,coeff_O,coeff_O2,coeff_OH,coeff_H2O,coeff_HO2,coeff_H2O2,coeff_N2
0,,2.987070e+01,1050.0,False,,4.848271e+04,328.728,13783.3,2612.59,2784.38,4162.18,-26204.9,2619.61,23082.3,30037.1
1,9.221727e+00,2.926722e+01,1050.5,False,,4.848271e+04,328.726,13783.3,2612.6,2784.38,4162.18,-26204.9,2619.61,23082.3,30037.1
2,9.190122e+00,2.785124e+01,1057.0,False,,4.848270e+04,328.724,13783.3,2612.6,2784.38,4162.18,-26204.9,2619.61,23082.3,30037.1
5,9.042165e+00,2.625267e+01,1088.7,False,,4.848270e+04,328.718,13783.3,2612.6,2784.37,4162.17,-26204.9,2619.61,23082.3,30037.1
10,8.859927e+00,2.819436e+01,1073.1,False,,4.848270e+04,328.708,13783.3,2612.61,2784.36,4162.16,-26204.9,2619.62,23082.3,30037.1
20,8.545188e+00,2.494236e+01,1137.8,False,,4.848270e+04,328.686,13783.3,2612.64,2784.34,4162.16,-26204.9,2619.63,23082.3,30037.1
50,7.712111e+00,2.148440e+01,1242.1,True,0.000000e+00,4.848277e+04,328.613,13783.4,2612.7,2784.27,4162.23,-26204.9,2619.67,23082.3,30037.2
100,6.417957e+00,1.814887e+01,1410.0,True,0.000000e+00,4.848293e+04,328.472,13783.5,2612.82,2784.13,4162.4,-26205,2619.75,23082.3,30037.3
200,5.629252e+00,1.176326e+01,1918.1,True,0.000000e+00,4.848334e+04,328.206,13783.6,2612.96,2783.86,4162.69,-26205.3,2619.87,23082.3,30037.6
500,4.997368e+00,8.154621e+00,2137.4,True,0.000000e+00,4.848442e+04,327.549,13784.2,2613.38,2783.12,4163.35,-26205.9,2620.19,23082.3,30038.5
1000,4.450498e+00,5.392421e+00,2307.7,True,1.346939e-04,4.848627e+04,326.452,13785.1,2614.36,2782,4164.51,-26206.9,2620.81,23082.3,30040
2000,4.125124e+00,5.081854e+00,2326.9,True,1.469388e-04,4.848927e+04,324.273,13787.1,2616.3,2779.98,4166.47,-26208.8,2621.53,23082.3,30042
3000,4.014493e+00,4.994300e+00,2336.2,True,1.591837e-04,4.849220e+04,322.197,13788.7,2618.15,2778.22,4168.42,-26210.8,2622.25,23082.3,30043.9
5000,3.878469e+00,4.559442e+00,2314.7,True,1.591837e-04,4.849772e+04,318.194,13791,2621.68,2775,4172.33,-26214.7,2623.15,23082.3,30047.8
7500,3.794588e+00,3.900378e+00,2269.6,True,1.591837e-04,4.850449e+04,313.24,13793.5,2625.85,2771,4177.21,-26219.5,2623.52,23082.3,30052.7
10000,3.747347e+00,3.577698e+00,2229.6,True,1.469388e-04,4.851125e+04,308.281,13795.9,2630.14,2766.83,4182.09,-26224.4,2623.76,23082.3,30057.6

==================== thermo_init_scaled_random_normmatched_dir0_stage2_10000 ====================
epoch,stage2_loss,temperature_MSE,peak_T_K,ignites,ignition_delay_s,thermo_linear_norm,coeff_H2,coeff_H,coeff_O,coeff_O2,coeff_OH,coeff_H2O,coeff_HO2,coeff_H2O2,coeff_N2
0,,2.977989e+01,1050.0,False,,1.712274e+05,1160.97,48678.8,9226.96,9833.67,14699.7,-92548.5,9251.73,81520.4,106083
1,9.489134e+00,2.839770e+01,1050.0,False,,1.712274e+05,1160.97,48678.8,9226.96,9833.67,14699.7,-92548.5,9251.73,81520.4,106083
2,9.358365e+00,2.764268e+01,1066.8,False,,1.712274e+05,1160.97,48678.8,9226.96,9833.66,14699.7,-92548.5,9251.73,81520.4,106083
5,9.122000e+00,2.455818e+01,1147.0,False,,1.712274e+05,1160.96,48678.8,9226.97,9833.66,14699.7,-92548.5,9251.73,81520.4,106083
10,8.923493e+00,2.232381e+01,1225.3,True,0.000000e+00,1.712274e+05,1160.95,48678.8,9226.98,9833.65,14699.6,-92548.5,9251.73,81520.4,106083
20,8.445421e+00,2.089161e+01,1269.3,True,0.000000e+00,1.712274e+05,1160.93,48678.8,9227,9833.63,14699.6,-92548.5,9251.72,81520.4,106083
50,7.434173e+00,1.720095e+01,1423.8,True,0.000000e+00,1.712274e+05,1160.86,48678.8,9227.06,9833.55,14699.7,-92548.5,9251.72,81520.4,106083
100,6.342502e+00,1.399855e+01,1504.5,True,0.000000e+00,1.712275e+05,1160.72,48678.8,9227.19,9833.41,14699.8,-92548.5,9251.77,81520.4,106083
200,5.349212e+00,6.658631e+00,2829.3,True,0.000000e+00,1.712275e+05,1160.47,48678.8,9227.39,9833.13,14700.1,-92548.5,9251.84,81520.4,106083
500,5.061749e+00,5.203403e+00,2596.4,True,0.000000e+00,1.712275e+05,1159.92,48678.8,9227.97,9832.55,14700.7,-92548.5,9251.84,81520.4,106083
1000,4.940112e+00,4.326356e+00,2494.5,True,0.000000e+00,1.712276e+05,1159.06,48678.8,9228.95,9831.57,14701.7,-92548.5,9251.84,81520.4,106083
2000,4.653163e+00,3.584468e+00,2440.4,True,2.448980e-05,1.712288e+05,1157.3,48682.3,9230.9,9829.62,14703.7,-92548.5,9251.84,81520.4,106083
3000,3.509253e+00,9.255790e-01,2391.3,True,1.591837e-04,1.712296e+05,1155.53,48684.3,9232.88,9828.32,14705.6,-92548.5,9252.26,81520.4,106083
5000,3.241738e+00,1.084936e+00,2346.7,True,1.591837e-04,1.712311e+05,1151.71,48688.2,9236.52,9826.3,14709.6,-92548.5,9252.28,81520.4,106083
7500,3.114884e+00,7.377982e-01,2408.4,True,1.591837e-04,1.712315e+05,1146.84,48688.2,9239.46,9823.86,14714.4,-92548.5,9252.28,81520.4,106083
10000,3.042592e+00,7.702919e-01,2428.8,True,1.591837e-04,1.712318e+05,1141.97,48688.2,9241.79,9821.43,14719,-92548.5,9252.28,81520.4,106083

==================== thermo_init_scaled_random_normmatched_dir1_stage2_10000 ====================
epoch,stage2_loss,temperature_MSE,peak_T_K,ignites,ignition_delay_s,thermo_linear_norm,coeff_H2,coeff_H,coeff_O,coeff_O2,coeff_OH,coeff_H2O,coeff_HO2,coeff_H2O2,coeff_N2
0,,1.538610e+00,2447.5,True,1.591837e-04,1.712275e+05,58370.6,-50000.7,-21961.2,53171.6,-106649,67937.8,-23305.2,57632.1,15748.3
1,7.490788e+00,1.250710e+01,2159.3,True,3.795918e-04,1.712275e+05,58370.6,-50000.7,-21961.2,53171.6,-106649,67937.8,-23305.2,57632.1,15748.3
2,5.497564e+00,3.806948e+01,1050.0,False,,1.712275e+05,58370.6,-50000.7,-21961.2,53171.6,-106649,67937.8,-23305.2,57632.1,15748.3
5,4.101979e+00,2.758523e+01,1050.0,False,,1.712275e+05,58370.6,-50000.7,-21961.2,53171.6,-106649,67937.8,-23305.2,57632.1,15748.3
10,2.167650e+00,3.373266e+00,2133.6,True,1.102041e-04,1.712275e+05,58370.6,-50000.7,-21961.2,53171.6,-106649,67937.8,-23305.2,57632.1,15748.3
20,1.821169e+00,2.058365e+00,2248.1,True,1.591837e-04,1.712275e+05,58370.6,-50000.7,-21961.2,53171.6,-106649,67937.8,-23305.2,57632.1,15748.3
50,1.004988e+00,2.558476e+00,2173.9,True,1.469388e-04,1.712275e+05,58370.6,-50000.7,-21961.2,53171.6,-106649,67937.8,-23305.2,57632.1,15748.2
100,6.147489e-01,1.164218e+00,2372.5,True,1.591837e-04,1.712274e+05,58370.6,-50000.7,-21961.3,53171.6,-106649,67937.8,-23305.1,57632.1,15748.2
200,4.425409e-01,2.880641e-01,2590.1,True,1.591837e-04,1.712274e+05,58370.6,-50000.7,-21961.3,53171.6,-106649,67937.8,-23305.1,57632.1,15748.2
500,3.978589e-01,2.182944e-01,2601.1,True,1.591837e-04,1.712274e+05,58370.6,-50000.7,-21961.3,53171.6,-106649,67937.8,-23305.1,57632.1,15748.2
1000,3.630047e-01,1.852023e-01,2608.9,True,1.469388e-04,1.712274e+05,58370.6,-50000.7,-21961.3,53171.6,-106649,67937.8,-23305.1,57632.1,15748.3
2000,3.295177e-01,1.379574e-01,2625.3,True,1.469388e-04,1.712275e+05,58370.6,-50000.7,-21961.3,53171.6,-106649,67937.8,-23305.1,57632.1,15748.4
3000,3.107678e-01,1.275935e-01,2631.2,True,1.469388e-04,1.712275e+05,58370.6,-50000.7,-21961.3,53171.6,-106649,67937.8,-23305.1,57632.1,15748.4
5000,2.946774e-01,1.221488e-01,2622.9,True,1.469388e-04,1.712275e+05,58370.6,-50000.7,-21961.3,53171.6,-106649,67937.8,-23305.1,57632.1,15748.4
7500,2.732077e-01,1.048671e-01,2605.1,True,1.469388e-04,1.712275e+05,58370.6,-50000.7,-21961.3,53171.6,-106649,67937.8,-23305.1,57632.1,15748.4
10000,2.698263e-01,9.825324e-02,2606.9,True,1.469388e-04,1.712275e+05,58370.6,-50000.7,-21961.3,53171.6,-106649,67937.8,-23305.1,57632.1,15748.4

==================== thermo_init_scaled_random_normmatched_dir2_stage2_10000 ====================
epoch,stage2_loss,temperature_MSE,peak_T_K,ignites,ignition_delay_s,thermo_linear_norm,coeff_H2,coeff_H,coeff_O,coeff_O2,coeff_OH,coeff_H2O,coeff_HO2,coeff_H2O2,coeff_N2
0,,6.288923e+01,4499.1,True,2.448980e-05,1.712274e+05,36703.8,-38077.3,43878.3,-8172.77,68352.6,38093.1,-18390.3,-129359,36531.7
1,1.276087e+01,4.896565e+01,4181.6,True,2.448980e-05,1.712275e+05,36703.8,-38077.4,43878.3,-8172.77,68352.6,38093.1,-18390.3,-129359,36531.7
2,1.100315e+01,4.238549e+01,4021.0,True,2.448980e-05,1.712274e+05,36703.8,-38077.4,43878.3,-8172.76,68352.6,38093.1,-18390.3,-129359,36531.7
5,9.383792e+00,2.799568e+01,3653.9,True,2.448980e-05,1.712274e+05,36703.8,-38077.4,43878.3,-8172.76,68352.6,38093.1,-18390.3,-129359,36531.7
10,8.902427e+00,1.545858e+01,3289.5,True,3.673469e-05,1.712274e+05,36703.8,-38077.4,43878.3,-8172.75,68352.6,38093.1,-18390.3,-129359,36531.7
20,7.422371e+00,1.539433e+01,3300.8,True,4.897959e-05,1.712274e+05,36703.8,-38077.4,43878.3,-8172.73,68352.6,38093.1,-18390.3,-129359,36531.7
50,1.099368e+01,6.785351e+01,1050.0,False,,1.712275e+05,36703.8,-38077.4,43878.3,-8172.7,68352.6,38093.1,-18390.3,-129359,36531.7
100,6.195994e+00,8.217922e+00,2932.8,True,4.897959e-05,1.712275e+05,36703.8,-38077.4,43878.3,-8172.64,68352.6,38093.1,-18390.3,-129359,36531.7
200,5.610144e+00,8.388954e+00,2971.7,True,4.897959e-05,1.712274e+05,36703.8,-38077.4,43878.3,-8172.52,68352.6,38093.1,-18390.3,-129359,36531.7
500,4.441719e+00,2.692353e+00,2932.4,True,9.795918e-05,1.712274e+05,36703.9,-38077.4,43878.3,-8172.21,68352.6,38093.1,-18390.3,-129359,36531.7
1000,3.055351e+00,1.670820e+00,2956.6,True,1.224490e-04,1.712275e+05,36704.3,-38077.4,43878.3,-8171.73,68352.6,38093.1,-18390.3,-129359,36532
2000,2.530486e+00,8.189670e-01,2857.1,True,1.346939e-04,1.712283e+05,36704.3,-38077.4,43878.3,-8170.75,68352.6,38093.1,-18390.3,-129359,36535.8
3000,2.561956e+00,1.567142e+00,2890.5,True,1.224490e-04,1.712283e+05,36704.3,-38077.4,43878.3,-8169.6,68352.6,38093.1,-18390.3,-129359,36535.9
5000,2.328860e+00,6.544763e-01,2853.3,True,1.469388e-04,1.712282e+05,36704.3,-38077.4,43878.3,-8167.65,68352.6,38093.1,-18390.3,-129359,36535.9
7500,2.274115e+00,7.704193e-01,2848.9,True,1.469388e-04,1.712282e+05,36705,-38077.4,43878.3,-8164.95,68352.6,38093.1,-18390.3,-129359,36535.9
10000,2.267353e+00,7.438881e-01,2853.0,True,1.469388e-04,1.712284e+05,36706.9,-38077.4,43878.2,-8161.29,68352.6,38093.1,-18390.3,-129359,36535.9
