-0.7582282438299781	-0.7863868308575037	2.674286457623524	0.6859383663523395	-0.03054997722873176	0.8498223113953919
-0.47599670695558305	-0.6255595099925674	1.3786536439692463	0.7306615128496554	0.21179068107726173	0.6848940663373151
-0.34416816722826205	-0.5200882468052711	0.7956351691281097	0.6409106270847726	0.29115919969866866	0.5602177549122174
-0.17519769700769006	-0.34747083060089623	0.2447328281984513	0.3694788348527638	0.2942460277965274	0.3620419765834104
-0.07640843413935028	-0.22447522337260173	0.02731857627280937	0.175859059199023	0.22645224222528054	0.22658336431601744
-2.750478307658453	-2.3102921132705396	9.409738763835842	0.6758716591636946	-0.43934527974326554	2.3147335278802097
-1.1463271749245962	-1.5628934667946779	3.332635480518511	1.989155055503913	0.45981849368200656	1.6876910504532199
-0.7009728591303734	-1.0550228512308744	1.500824910394348	1.5326421225556843	0.5579620968392319	1.1355813057684332
-0.3160408208399189	-0.5284239480650644	0.4648198939307861	0.7670204732380965	0.3765695715312968	0.5589890357155076
-0.216064708691587	-0.39227616253532693	0.2674131465466897	0.5568478244234563	0.2965300109980533	0.4109951637042095
-1.3214520792637563	-1.3314326525969764	4.282268988967296	1.285467895091128	-0.0485638977867614	1.3750248820177695
-0.7431643887632365	-1.0736781513238134	1.5391128682101787	1.4404210278410474	0.6106325175665825	1.1452816871250333
-0.47741838469564857	-0.9476853392420277	0.392582725165337	0.949856418728691	1.0017313721482821	1.0159241255295417
-0.1923854155568403	-0.5516707016423181	-0.07482388570263188	0.300255931746243	0.7374194472298192	0.577244444502377
-0.08297524409451507	-0.3148432597636096	-0.08835807861819328	0.09837061248569334	0.4280505605784324	0.31853283323935716
-3.4215925127886093	-2.8970000995645764	11.4097192840794	0.885051010626137	-0.42812676242269143	2.881432139352526
-1.670082630021969	-2.51515446340849	4.3819660683434	3.495808598642729	1.0183396989314977	2.711228139939735
-0.8786312289673034	-1.6824233391136	1.3130355608429478	2.055832001309234	1.4085659730091495	1.8243458011158697
-0.28458607969935845	-0.6123318372241717	0.2763677882913469	0.5455803915526385	0.628807192927118	0.6401688425205723
-0.14862375708394837	-0.36148529495998194	0.125266053801697	0.28866462338876997	0.37241805846357345	0.3686011487336627
-4.022149801427626	-3.6869275536179202	12.950755004383513	1.982213023795954	-0.20676524300258192	3.6956383318751547
-2.020745601615348	-3.590526042691459	4.02441553038725	5.352945010633996	2.237110034597419	3.9137374232526385
-0.8386950975302065	-2.0916055056819505	0.35232927378238377	1.88790539431219	2.4478655170320396	2.2769159823506357
-0.1760124831954022	-0.5677925438433625	-0.06661892525352948	0.16858723476981963	0.7959557619993576	0.5927564353094897
-0.05483842096477454	-0.27866136004620967	-0.11809979783445199	0.01203170930004327	0.4064227816136679	0.2792135129812938
-1.3133094656031379	-1.2709424429997864	4.5124906267287646	0.9758406119256127	-0.13370854641464447	1.3149661779713602
-0.7492322733386554	-1.0765834548157305	1.800760472509772	1.312554877609853	0.54799031419833	1.1540658783472204
-0.5373765484670102	-1.1036712763052365	0.5786799478604657	0.9824905229810027	1.1533528429258477	1.1895082008418445
-0.2728993862275292	-0.8376707186748972	-0.062460119051106794	0.25148067843066424	1.1928208737587247	0.8937908939788599
-0.15425125102835913	-0.5380574062074435	-0.05698871941939729	0.02813806333290758	0.7972788360790887	0.5636274021817953
-1.7780327698142688	-1.6744485618736586	6.0368751156768035	1.1184324623387254	-0.18615883207251616	1.711902810941833
-0.927707177684713	-1.387838819359356	2.1335837536320374	1.763004111666124	0.7465554841602273	1.4899141848006914
-0.6208376650393481	-1.3498163465649364	0.5208794250110339	1.2103896749533978	1.477724197349204	1.4596153416591018
-0.266690568728001	-0.8513359834723542	-0.09568510925209686	0.21447379132693523	1.2358392190080965	0.9084262196749575
-0.1323039267701287	-0.4907695838192532	-0.0757828224216989	-0.0006425761026025434	0.7384288672631348	0.5117432732825967
-0.7115251845151276	-0.756662019064478	2.45229797628663	0.7530677327788935	-0.015652743521631485	0.8119245834795148
-0.4512840435831048	-0.6016584244280372	1.228493290497087	0.7679639052696627	0.21753261097751952	0.6513543736131823
-0.32513304933627274	-0.5079632656829076	0.6566439987823367	0.6402510478915966	0.3223877728915745	0.542049550598422
-0.15967956603553568	-0.3477113601325965	0.14021827619847665	0.33023436903675973	0.3415552164733214	0.3605595844202983
-0.06677754691326454	-0.2242765848538501	-0.031389514212514624	0.1411145163344838	0.25540995580256065	0.22516166762734025
-2.0519467686094703	-1.8711363104403116	7.0172141917447295	1.025216618033587	-0.2542946929210801	1.9027728568849727
-1.0254572702288738	-1.5411685155380237	2.473030014595957	1.9817517437601535	0.7739017314308388	1.65915107405216
-0.6889919634836789	-1.4836710258928163	0.6557128431428265	1.4157108492303818	1.5616960660189065	1.6066617728119472
-0.2794008673164967	-0.8869433349770279	-0.09186895432751724	0.23134480659201295	1.2833333659245345	0.9473597517128982
-0.12522637850618845	-0.48813071223543403	-0.10194456032352008	-0.015314477036461938	0.7470356283171791	0.5090423302562924
-3.670095605253004	-3.2355296146344115	12.076726992425058	1.3344609018948819	-0.328941307209758	3.2339945262163234
-1.6795315229926806	-2.482093738452436	4.249838405743766	3.6662285679997333	0.9708751439627471	2.669069175482346
-0.7905956821911996	-1.3365867122610864	1.2483699564716804	1.8858537299300198	0.9739457899880313	1.4370351544143949
-0.30541394461070714	-0.571990220770464	0.31962297783117777	0.7277166586535149	0.5025295418790849	0.5995581929185559
-0.22652382249062541	-0.4480943457714424	0.20964635197757583	0.5552471437682118	0.4001896024041043	0.465253581719557
-0.769117395537078	-1.7027435639082062	1.008475540615591	1.8443962436253332	1.5754551361898743	1.8402728641219026
-0.4592446691301473	-0.8710933340280499	0.7711097835364743	0.4012033886771391	0.9032915807029136	0.9393419626780903
-0.4572263652741687	-1.2229723936592853	0.1358103049626449	0.6509797120360248	1.587689916388576	1.320010202186463
-1.6199134266030535	-1.7786769134252463	3.874238413708742	2.462776868392772	0.47522217640825803	1.8385721865140636
-0.34628676719299456	-0.6072876005683677	0.6570949756100339	0.7277189341843988	0.42761643543911865	0.6473726519848125
-0.22625082718297884	-0.3010173221540624	0.17891451575561967	0.5677853663968933	0.20124750940162014	0.3195981027984101
-0.576417655287846	-0.9216302613976768	0.9483045510936552	1.5894870808223474	0.5370720244224232	0.9924827060926311
-0.6764927069216192	-0.5772449140487311	2.387134715126883	0.3538152063332529	-0.08505787146186594	0.6428378339610251
-0.8569926272078854	-1.4928744101981533	1.9489544681824196	1.7900437520681556	0.97856877034259	1.655876621803599
-0.6651410000276327	-1.0900398851520263	1.5158769020917693	0.8780061656022287	0.8191155113788837	1.1839598930067585
