1.1515872920957866	-0.27030119931374563	-0.43686193648022087	-1.5033334312855628
1.145950678820045	-0.1576955736236432	-0.788314871093501	-1.2226855184045988
1.171422069690702	-0.025857306836436698	-1.0537298323346964	-0.9832594286049516
1.3050748853866605	0.17314894928622446	-1.4909713029703047	-0.8210181534583391
1.4592618154554104	0.30589224144889693	-1.8634831405424386	-0.8359281114012289
0.7249138765901573	-0.721134463821628	0.2627887810678356	-1.6646239125807758
0.6491483681870771	-0.4385842262194643	-0.41713098185522696	-1.0593861316292967
0.7689581790905667	-0.15957522700634785	-0.7769679643819789	-0.8248166648230195
1.037179987279453	0.09960823079759437	-1.2324855679432332	-0.8516379580650938
1.1466675640888775	0.18528937735882037	-1.4073281395365316	-0.9011833133845398
0.7803518355870558	-0.1874493956562254	-0.18649217129440596	-1.0445430655870198
0.7693478732361014	-0.04752432931254026	-0.6364210695249766	-0.5555879426024417
0.8590380805077816	0.060690746196570874	-1.0450801953626363	-0.32774406587015703
1.1666741406225702	0.1969535105040716	-1.88976928516193	-0.4074544901316259
1.4405799242244204	0.2887416458639259	-2.4959761221645502	-0.5761026057524301
0.5936839940690785	-0.7939870147911958	0.4471276266185974	-1.4957573736613656
0.3868287836931221	-0.5098961476390664	-0.30742207869152705	-0.5562036143814014
0.5888408461616651	-0.2686645630005289	-0.9178200069006451	-0.32421470419846066
1.0979001538088868	0.029473031255680578	-1.91287604545391	-0.5678489974056897
1.3293317337333042	0.16217292658649002	-2.3100600468381587	-0.7264774599362882
0.3902882281154518	-0.7595485346811233	0.5956027198364244	-1.379018691390179
0.16780283373267915	-0.4475888707419403	-0.3557101813749987	-0.11595656586907806
0.5269075657264083	-0.2279158473599609	-1.5474933507054538	0.012870584458999235
1.2610718198544038	0.13325573559038892	-3.040316434993803	-0.3766003657507053
1.5672383866117783	0.31026490814201424	-3.485632962357966	-0.5740961438275284
0.8818024962653804	-0.28281241953488573	-0.17126094622636565	-1.162046215710557
0.8213017533679979	-0.16155929861510376	-0.6256684529144401	-0.6299520260598069
0.8414681948467165	-0.06614018527884312	-1.0478658946885604	-0.29204365754095823
1.102715946337543	0.03245508302105955	-2.0547705581598943	-0.2244550665030727
1.4294584624686058	0.11057493702935269	-2.8796795122251235	-0.35619062181986005
0.7637943701411392	-0.3767031709252188	-0.024914468921758304	-1.1996227504212693
0.6851959118422754	-0.22338450468034302	-0.5703831380798158	-0.5479337295302471
0.7393896079370823	-0.10567598661411928	-1.1026805402420519	-0.20059619191770597
1.1093943650010603	0.028289724746126264	-2.302611779993507	-0.20734029355258052
1.4882624301792666	0.14053948865911883	-3.1420839527079636	-0.3776188537058087
1.1036474379303358	-0.16516223871726463	-0.4562032604563317	-1.340338548968406
1.1051821273894158	-0.055439305429288245	-0.7895279172256678	-1.0545282838033312
1.14132489843587	0.06068351871626106	-1.0464200476776824	-0.8254172690737115
1.2944093120356033	0.22876916546559303	-1.5089231709667312	-0.7086956929661011
1.46340739867655	0.34056538227035604	-1.9133129272009042	-0.7590117352658085
0.747602572444354	-0.47664823524957467	0.05816807988410289	-1.2972694002169736
0.639322035978174	-0.30568707482788726	-0.5366841684316291	-0.5838517467587983
0.6881689788283596	-0.1619612000050707	-1.104737113716145	-0.1997000421275943
1.0884545210011205	0.012789279438029889	-2.386778137549897	-0.1947019614296488
1.4908710512356715	0.15498544571584827	-3.2539392133405736	-0.36947502383038733
0.49882591518246006	-0.8098485153626787	0.5044110026147819	-1.5112104078640753
0.3702987927959714	-0.436365747688208	-0.31506481863666025	-0.608859860092732
0.6508536045931729	-0.14839714881062233	-0.8647075468122404	-0.49887168369126506
1.0244313331798676	0.09660706757308667	-1.4784797449246665	-0.6920799898216782
1.122248146108731	0.15800220234058293	-1.6352281276625993	-0.7591090304640415
0.6076718574612376	-0.38708016656093497	-2.143229755252965	-0.3235873441659441
1.1823196380429704	-0.4242917091016147	-2.075365368744027	-0.4424405669751333
0.871439416076001	-0.10599900995376975	-1.651074575885463	-0.14015136322579871
0.507574211158338	-0.010715008924729355	-0.18596720848752388	-0.48814338562666193
1.0746536072051296	-0.10223368800358575	-1.5705573206648695	-1.023750493238865
1.0872137996473226	0.4844452695601637	-0.9802574979505091	-0.7293820468783071
0.7480940559384541	-0.07002784883715124	-1.0795130965633002	-1.2172037246815468
1.6897498724406463	-0.4372555915496723	-0.516648165795608	-1.6389842805741197
0.6868024578090509	-1.0656700921205322	-1.3573758026280665	-0.8478005073086567
0.9508383234558915	-0.29996286881272544	-0.7449901356391438	-0.42579874378183913
