0.86261016	0.77413994	0.70244026	0.6442662	0.5969395	0.55828726	0.52657473	0.5004288	0.47876877	0.46086165	0.44558188	0.43281904	0.4222456	0.413195	0.40553543	0.39910087	0.3936254	0.3889573	0.3849711	0.38156253	0.37864405	0.3761428	0.37399724	0.37215498	0.37057218	0.36921176	0.3680417	0.36703473	0.366168	0.36542165
0.87321526	0.77972174	0.68879765	0.603169	0.5246937	0.45422384	0.391849	0.33718607	0.2896025	0.24840124	0.2124073	0.18151554	0.15514854	0.13221863	0.112520464	0.09571207	0.08124521	0.06879201	0.05807036	0.048838105	0.040886104	0.034036107	0.028134538	0.023048388	0.018664503	0.014886182	0.011628855	0.008819969	0.00639795	0.0043092715
0.0	0.30904418	0.5121268	0.64580435	0.73404986	0.79249907	0.8313198	0.85714465	0.87430966	0.8851886	0.89302796	0.8981583	0.9010848	0.90299344	0.9041284	0.90465355	0.90483546	0.90479857	0.90462697	0.90437794	0.90409	0.9037881	0.9034887	0.9032019	0.9029335	0.9026865	0.9024621	0.9022602	0.9020797	0.9019195
0.0	0.064803176	0.19255541	0.3283402	0.45103002	0.5546231	0.6393642	0.7076806	0.7624514	0.80574757	0.8415901	0.87041104	0.8932222	0.91216314	0.9277041	0.94032395	0.9507702	0.9594575	0.966712	0.97279316	0.9779092	0.98222566	0.98587793	0.9889764	0.9916104	0.9938534	0.9957672	0.99740255	0.99880165	1.0
0.0	0.0038016934	0.022380562	0.05632056	0.100894876	0.15095113	0.20244877	0.25265968	0.29994512	0.3437735	0.3833544	0.4185776	0.44978884	0.4774721	0.5016889	0.52273524	0.5410909	0.55706686	0.57094955	0.58299744	0.5934433	0.60249215	0.61032534	0.6171035	0.62296605	0.6280339	0.63241386	0.63619906	0.639469	0.6422934
0.0	0.0996745	0.19660977	0.28789943	0.37156287	0.44669166	0.5131902	0.571467	0.62219644	0.6661215	0.70449513	0.7374292	0.76553935	0.7899852	0.8109856	0.8289053	0.8443285	0.85760504	0.86903554	0.8788782	0.88735586	0.89465874	0.9009505	0.9063729	0.91104656	0.91507465	0.9185474	0.9215419	0.9241241	0.92635083
0.9504459	0.9254969	0.902054	0.8800308	0.85934556	0.8399216	0.8216856	0.80456805	0.7885024	0.7734252	0.7592765	0.7459991	0.7335389	0.7218446	0.71086824	0.70056415	0.69088984	0.6818052	0.6732727	0.6652569	0.65772516	0.65064687	0.6439931	0.6377369	0.6318532	0.6263193	0.62104917	0.61591965	0.61093104	0.6072255
0.6518385	0.62735116	0.6031151	0.5791433	0.5554745	0.532161	0.5092602	0.48682922	0.46492094	0.44358212	0.42285213	0.4027626	0.3833374	0.36459348	0.346541	0.32918394	0.31252128	0.29654792	0.28125486	0.26662955	0.25265712	0.23932044	0.22660139	0.21448076	0.20293832	0.19195339	0.18137632	0.17104356	0.16095515	0.15309286
0.0	0.09389636	0.17779477	0.2527963	0.3198768	0.37990376	0.43364924	0.4818011	0.52497154	0.5637059	0.59848934	0.62975276	0.65787894	0.6832092	0.70604545	0.72665477	0.7452746	0.7621177	0.7773718	0.79120284	0.8037581	0.8151672	0.82554746	0.83500427	0.843631	0.8515059	0.8587918	0.86581296	0.8725694	0.8769136
0.0	0.0050507747	0.01809161	0.0365619	0.05855124	0.08264271	0.10779517	0.13325073	0.1584692	0.18307227	0.20680287	0.2294987	0.25106302	0.27144623	0.2906392	0.3086574	0.32553303	0.34130794	0.35603335	0.36976725	0.38256666	0.39448953	0.40559208	0.41592857	0.42555168	0.43451002	0.44295597	0.45114434	0.45907512	0.46465868
0.0	0.0001340434	0.0009595917	0.0029038491	0.0061834664	0.010869372	0.016934097	0.024287404	0.032800384	0.042324405	0.052703757	0.063783206	0.07541491	0.0874617	0.09979776	0.11231142	0.124904126	0.13748956	0.14999363	0.1623535	0.17451711	0.18644221	0.1980934	0.20944186	0.22046544	0.23114981	0.24160941	0.25188467	0.26197562	0.27038684
0.0	0.026106292	0.05194462	0.07750121	0.10273477	0.12758961	0.1520044	0.17591834	0.19927502	0.22202456	0.24412505	0.26554278	0.2862522	0.30623525	0.32548124	0.34398583	0.3617501	0.37877944	0.39508358	0.41067582	0.42557198	0.43979034	0.4533503	0.46627223	0.47857776	0.4902889	0.5015653	0.51258117	0.5233365	0.5317186
0.39908567	0.38241604	0.3665876	0.3515602	0.33729556	0.32375684	0.3109083	0.29871508	0.28714335	0.27616024	0.26573405	0.2558342	0.24643135	0.23749751	0.2290059	0.22093119	0.21324931	0.20596945	0.1990896	0.1924746	0.18612444	0.18003912	0.17421865	0.16866301	0.16337222	0.15834396	0.15353759	0.14894013	0.14453208	0.14030816
1.0	0.98344666	0.9664677	0.94904363	0.93120223	0.9130007	0.8945128	0.87582	0.8570047	0.83814675	0.8193204	0.8005925	0.78202283	0.76366293	0.74555665	0.72774065	0.71024513	0.6930898	0.6763002	0.6599038	0.64390045	0.62829024	0.6130731	0.5982491	0.5838182	0.5697747	0.55609614	0.5428017	0.52987856	0.51732284
0.0	0.06204936	0.11675998	0.16491552	0.20722012	0.24430788	0.27674964	0.30505896	0.32969716	0.35107777	0.36957097	0.3855071	0.39918077	0.4108546	0.42076162	0.42910835	0.43607906	0.4416727	0.44595334	0.44963557	0.45271948	0.455205	0.45709214	0.4583809	0.45907134	0.45916396	0.4588169	0.45813096	0.45717734	0.45597485
0.0	0.004714569	0.01663716	0.03312713	0.052274693	0.07271417	0.093483545	0.11392161	0.13358499	0.15219493	0.1695853	0.18567552	0.2004451	0.21390982	0.2261144	0.23712313	0.24700725	0.2557119	0.26323208	0.27011797	0.27636957	0.2819869	0.28696996	0.2913187	0.29503316	0.29811925	0.3007192	0.30289093	0.30470517	0.30618092
0.0	0.0001889215	0.0013589419	0.004132768	0.008845516	0.015631163	0.024486624	0.035317622	0.04797476	0.06227525	0.078023404	0.09502035	0.11307179	0.13199556	0.15162268	0.17179817	0.19238293	0.21336603	0.23468626	0.2558486	0.276853	0.29769954	0.31838816	0.3389189	0.3592917	0.37951303	0.3995098	0.41919538	0.43853885	0.45753244
0.0	0.01764775	0.035749193	0.05432519	0.073346116	0.09275098	0.11246114	0.13238977	0.15244897	0.17255361	0.19262472	0.21259072	0.232388	0.25196168	0.27126506	0.2902589	0.3089111	0.3272006	0.3451001	0.36258054	0.3796419	0.39628413	0.4125073	0.42831135	0.44369632	0.45866823	0.47325113	0.48742446	0.50120205	0.51458776
0.3439495	0.32674837	0.31059688	0.2954333	0.28119916	0.26783854	0.2552978	0.24352545	0.23247209	0.22209078	0.2123368	0.20316793	0.1945444	0.18642889	0.17878643	0.17158449	0.16479266	0.15842755	0.15248294	0.14679049	0.14135018	0.13616204	0.13122608	0.12654227	0.12211062	0.11793115	0.11398884	0.11023795	0.106669396	0.10326795
0.7882014	0.7710223	0.75341815	0.7354046	0.7170444	0.69842625	0.67965037	0.66081834	0.642027	0.6233647	0.6049089	0.5867259	0.5688712	0.55138934	0.5343153	0.5176754	0.5014889	0.4857814	0.47057045	0.45581284	0.44150868	0.42765796	0.41426066	0.4013168	0.3888263	0.3767893	0.36517268	0.35395256	0.3431292	0.3326848
0.0	0.06364888	0.118454896	0.1655448	0.20590888	0.2404183	0.26983893	0.29484278	0.31601846	0.33388007	0.3488763	0.3613969	0.37178096	0.3803229	0.38727728	0.39286396	0.39727482	0.40048626	0.4025698	0.40424824	0.40552154	0.40638977	0.4068529	0.40691093	0.40656385	0.40581167	0.40466487	0.40330094	0.40176442	0.4000951
0.0	0.0056749852	0.019895751	0.039360475	0.061718564	0.0853217	0.1090368	0.13210934	0.15405542	0.17459011	0.1935622	0.21091998	0.22667614	0.24088292	0.25362164	0.2649899	0.27508947	0.28382552	0.29119977	0.29794762	0.3040691	0.3095642	0.3144329	0.31867522	0.32229117	0.32528073	0.32768688	0.3296852	0.33131403	0.33262888
0.0	0.00021362303	0.001523125	0.0045913975	0.009741153	0.017064298	0.026502015	0.03790103	0.051056154	0.06573596	0.08170503	0.098733604	0.116606064	0.13512643	0.15411876	0.1734276	0.19291739	0.21259026	0.23239197	0.25186902	0.27102143	0.28984916	0.30835223	0.3265306	0.34438434	0.36191335	0.37914938	0.396003	0.41244414	0.42846605
0.0	0.01831489	0.03708279	0.05628724	0.07586131	0.09571035	0.11572759	0.13580456	0.1558382	0.17573437	0.19541034	0.21479538	0.23383051	0.2524681	0.27067095	0.28841093	0.30566752	0.32241353	0.33863014	0.35436335	0.36961317	0.3843796	0.3986626	0.41246226	0.42577845	0.43861127	0.45099586	0.4629578	0.47449675	0.48563161
0.75111556	0.7191628	0.69007957	0.66361433	0.63953626	0.6176321	0.5977051	0.57957405	0.56307226	0.5480477	0.5343618	0.52188843	0.51051366	0.50013447	0.4906573	0.48199818	0.47408146	0.46683913	0.4602094	0.4541364	0.44861722	0.44351232	0.43877667	0.43441024	0.43041307	0.42678127	0.42345858	0.42039707	0.41756722	0.41496897
0.5866501	0.5548206	0.523438	0.49263376	0.4625713	0.43341154	0.40529463	0.37833166	0.35260272	0.32815784	0.30502152	0.28319576	0.26266423	0.24339727	0.22535528	0.20848992	0.1927482	0.17807421	0.16441122	0.1517018	0.13992706	0.12892061	0.118636236	0.109073885	0.100233585	0.092107676	0.08460017	0.07763081	0.07115283	0.06516623
0.0	0.11849209	0.2179934	0.301632	0.37201697	0.43132743	0.481383	0.52370095	0.5595472	0.589973	0.6158567	0.63792783	0.6567908	0.6729514	0.6868347	0.6987906	0.70911133	0.718041	0.7257892	0.732531	0.73824984	0.74333173	0.747914	0.7519968	0.75558007	0.75866807	0.76136285	0.76375437	0.76590216	0.76780653
0.0	0.010130578	0.034947574	0.06815449	0.10553113	0.14430209	0.18268839	0.21959949	0.25440487	0.28679252	0.31664392	0.3439773	0.3688915	0.3915259	0.41204128	0.4306145	0.44741628	0.4626102	0.4763496	0.48877743	0.4998741	0.51002467	0.5193634	0.5278904	0.53560555	0.54251933	0.5487685	0.55446553	0.55968845	0.56443715
0.0	0.0003130364	0.0021507733	0.0062543256	0.0128138065	0.02169902	0.032611404	0.045178663	0.059015535	0.07375575	0.08907191	0.10468043	0.12034584	0.13587606	0.15111724	0.16595174	0.1802927	0.19407807	0.20726359	0.21982239	0.23179607	0.24316221	0.25389424	0.26399213	0.2734559	0.282292	0.29056165	0.298315	0.3055742	0.3123393
0.0	0.033933796	0.067391194	0.10023192	0.13228184	0.16336939	0.19334517	0.22209069	0.24952064	0.27558163	0.30024752	0.32351622	0.34540513	0.36594588	0.38518065	0.403161	0.4199434	0.43558756	0.4501538	0.46370345	0.47625667	0.48799074	0.49895507	0.5091496	0.51857436	0.5272375	0.5352413	0.54267144	0.5495777	0.55596006
0.4934332	0.47771892	0.46313688	0.44960672	0.43705374	0.425408	0.41460422	0.40458125	0.39528215	0.38665357	0.378646	0.37121347	0.3643132	0.35790545	0.35195357	0.3464237	0.3412845	0.33650696	0.3320642	0.32793152	0.32408622	0.32050747	0.31717578	0.31407312	0.31118295	0.30848992	0.3059801	0.30364037	0.30145872	0.299424
0.3273104	0.31184506	0.29667044	0.28181875	0.26732677	0.25323084	0.23956402	0.22635435	0.213624	0.20138915	0.18966018	0.17844194	0.16773471	0.15753464	0.14783424	0.138623	0.12988834	0.121616066	0.113790415	0.10639439	0.09941063	0.0928214	0.086608976	0.08075572	0.07524404	0.070056446	0.065176174	0.060587015	0.05627325	0.052219737
0.0	0.05895871	0.110666595	0.15606132	0.19595589	0.23105636	0.26197597	0.28924772	0.31333402	0.33463782	0.35350838	0.3702481	0.38512167	0.3983587	0.41015837	0.42069262	0.43011248	0.43855098	0.44612312	0.45292825	0.45905375	0.46457508	0.46956	0.4740684	0.47815242	0.48185676	0.48522127	0.48828143	0.4910686	0.49361056
0.0	0.003618803	0.012979532	0.026258044	0.042084835	0.05943883	0.077566765	0.095919006	0.11410361	0.13184284	0.14895086	0.16530952	0.18084562	0.19552362	0.20933667	0.22229588	0.23442368	0.24574997	0.2563119	0.26615167	0.27531043	0.28383002	0.29175112	0.29911324	0.30595466	0.31231245	0.3182207	0.32371148	0.32881477	0.3335588
0.0	6.93499e-5	0.00049352314	0.0014843063	0.0031407198	0.005485445	0.008491025	0.012099365	0.016234715	0.020814493	0.025754103	0.030972222	0.036393538	0.041949507	0.047578927	0.053229365	0.058855586	0.06441905	0.06988792	0.07523644	0.08044427	0.08549587	0.09037895	0.09508448	0.09960662	0.10394271	0.10809165	0.11205395	0.11583152	0.11942745
0.0	0.016487787	0.032665644	0.048499193	0.06394927	0.07897711	0.093547456	0.10763045	0.12120242	0.13424613	0.14675051	0.15871044	0.17012554	0.18099995	0.19134164	0.20116188	0.210474	0.21929316	0.22763617	0.23552117	0.24296662	0.24999149	0.25661463	0.26285484	0.26873094	0.27426147	0.2794644	0.28435695	0.2889559	0.29327738
0.45545208	0.43920112	0.42429543	0.4106245	0.3980865	0.38658726	0.37603998	0.36636448	0.3574871	0.34933996	0.341861	0.33499324	0.32868475	0.32288775	0.31755877	0.3126584	0.30815053	0.30400205	0.30018285	0.29666546	0.29342496	0.29043883	0.2876861	0.28514764	0.28280595	0.28064528	0.27865103	0.27681008	0.2751101	0.27353996
0.28706816	0.2710282	0.25539324	0.24021001	0.22552454	0.21137741	0.19780134	0.18482012	0.17244872	0.16069397	0.14955537	0.13902603	0.12909426	0.119744316	0.11095697	0.10271075	0.09498277	0.087749295	0.0809858	0.07466734	0.06876959	0.06326867	0.058141403	0.053365238	0.04891831	0.044779614	0.04092951	0.037349284	0.034021113	0.030928139
0.0	0.060790125	0.11317518	0.15838583	0.19746727	0.23130813	0.26066402	0.28617793	0.3083959	0.3277842	0.34473884	0.35959554	0.3726426	0.38412654	0.39425606	0.40320906	0.4111385	0.41817763	0.4244398	0.4300214	0.43500584	0.43946448	0.44346067	0.44704974	0.45027903	0.4531886	0.45581436	0.45818752	0.46033573	0.46228305
0.0	0.0041391477	0.014698106	0.029453821	0.046784446	0.0655177	0.084817715	0.10409769	0.12295838	0.14113091	0.15845	0.17482266	0.1902024	0.2045788	0.21797068	0.23041075	0.2419415	0.25261033	0.26246926	0.271573	0.27997327	0.2877206	0.29486305	0.3014465	0.3075145	0.31310776	0.31826335	0.32301596	0.32739764	0.3314381
0.0	7.723203e-5	0.00054201804	0.0016081771	0.0033581473	0.0057903826	0.008852237	0.0124631	0.016529301	0.020955535	0.025649259	0.030525995	0.035510693	0.04053805	0.045552466	0.05050861	0.0553694	0.06010484	0.064691946	0.069113955	0.073359035	0.07741956	0.08129068	0.08497038	0.08845941	0.091760844	0.09487848	0.097817354	0.1005833	0.10318284
0.0	0.017100383	0.03376898	0.04995602	0.06561238	0.0806948	0.09516842	0.10900783	0.12219713	0.134729	0.14660399	0.15782945	0.16841783	0.17838593	0.18775421	0.19654559	0.2047845	0.21249619	0.21970682	0.22644301	0.23273067	0.23859526	0.24406151	0.24915342	0.25389433	0.25830665	0.2624113	0.26622823	0.26977643	0.27307388
0.1946075	0.18424617	0.17439906	0.16504154	0.1561501	0.14770207	0.13967554	0.13204926	0.124802604	0.11791562	0.11136915	0.1051447	0.09922456	0.09359186	0.08823047	0.08312511	0.07826128	0.07362525	0.06920408	0.0650077	0.061011624	0.057166066	0.05347105	0.049926564	0.0465326	0.043289173	0.04019628	0.037239537	0.0344032	0.0316811
0.7993416	0.78902596	0.7783876	0.76741725	0.75613254	0.74456877	0.73277175	0.7207925	0.7086831	0.69649506	0.68427694	0.6720734	0.65992457	0.64786625	0.63592964	0.624141	0.6125228	0.60109365	0.5898687	0.57886076	0.56808674	0.55755	0.54725057	0.5371884	0.52736354	0.51777595	0.50842565	0.49929854	0.4904038	0.48173964
0.0	0.03845972	0.07219142	0.10170408	0.12745526	0.14985672	0.16927877	0.18605427	0.20048182	0.21282896	0.22333473	0.23221277	0.2396533	0.24582541	0.25087988	0.25495028	0.2581548	0.26059836	0.26237434	0.2634624	0.26401168	0.26426303	0.26421648	0.26387206	0.26322973	0.26228946	0.26105133	0.2595578	0.2579	0.25610355
0.0	0.003174583	0.011273787	0.022573652	0.035796307	0.050004926	0.06452342	0.07887225	0.092722744	0.10585578	0.11813838	0.12949584	0.13989793	0.14934875	0.15787105	0.16550198	0.17228994	0.17828892	0.18355338	0.1880317	0.19184509	0.19523416	0.19819888	0.20073928	0.20285535	0.20454705	0.20581445	0.20671256	0.20732391	0.20767793
0.0	0.00011645068	0.00084403966	0.002585272	0.0055707567	0.009907103	0.015612962	0.02264731	0.0309288	0.04035291	0.05080072	0.062149305	0.07427639	0.08706277	0.10039703	0.114176385	0.12830617	0.14270058	0.15728326	0.17205979	0.18690762	0.20165028	0.21628779	0.23082013	0.24524733	0.25956935	0.27378622	0.28788477	0.3017892	0.3154826
0.0	0.010997702	0.022339348	0.034035027	0.046065792	0.05839402	0.07097092	0.08374228	0.09665216	0.10964598	0.12267188	0.13568224	0.14863423	0.16148968	0.1742155	0.1867835	0.19916978	0.21135454	0.22332157	0.23505731	0.2465436	0.25777695	0.2687573	0.27948466	0.28995907	0.3001805	0.31014898	0.31987947	0.32936227	0.33859926
0.85211915	0.8258135	0.8015607	0.7792048	0.75860196	0.7396183	0.7221289	0.7060176	0.691176	0.6775036	0.6649073	0.6533005	0.6426041	0.6327445	0.62365407	0.6152706	0.6075374	0.60040206	0.59381646	0.58773655	0.5821217	0.5769351	0.57214314	0.5677146	0.56362087	0.55983543	0.5563287	0.552974	0.54973525	0.54730296
0.49667555	0.47075433	0.445409	0.42068797	0.39665642	0.37338197	0.35092643	0.32934096	0.3086641	0.28892145	0.27012625	0.25228074	0.23537713	0.2194003	0.20432839	0.19013414	0.17678638	0.16425157	0.15249467	0.14147912	0.13116737	0.12152255	0.11250842	0.10408959	0.09623155	0.08890075	0.08204932	0.07546331	0.069087915	0.064178444
0.0	0.09859815	0.18434916	0.25901872	0.3241214	0.3809594	0.4306531	0.47416735	0.51233244	0.5458623	0.5753733	0.6013944	0.6243792	0.6447218	0.6627614	0.6787889	0.6930539	0.70577353	0.7171384	0.72731215	0.73643494	0.7446294	0.75200063	0.75864273	0.76463854	0.7700602	0.77496815	0.77960366	0.78404754	0.78715724
0.0	0.0062082745	0.021929199	0.043734197	0.0691645	0.096473254	0.12443721	0.15221292	0.17923737	0.20514958	0.22972773	0.25285855	0.2745007	0.29465583	0.31336153	0.33068028	0.3466846	0.36145294	0.3750652	0.38760307	0.39914796	0.40977514	0.41955587	0.42855725	0.43684208	0.4444689	0.45150074	0.458209	0.4646747	0.46945208
0.0	0.00015153806	0.0010617098	0.0031458791	0.006562408	0.011306348	0.017274063	0.02430877	0.032229133	0.04084943	0.04999226	0.05949354	0.06920851	0.079011336	0.088795036	0.09847055	0.10796697	0.11722714	0.12620568	0.13486905	0.14319418	0.1511655	0.15877452	0.16601701	0.17289294	0.17940654	0.18558636	0.19157495	0.19739775	0.20206687
0.0	0.027634926	0.05465587	0.08101123	0.10663156	0.13144472	0.15538484	0.17839736	0.20044117	0.2214891	0.24152684	0.26055214	0.2785733	0.29560637	0.3116747	0.32680738	0.3410376	0.3544011	0.36693525	0.37867907	0.38967255	0.399955	0.40956506	0.4185405	0.42691803	0.43473348	0.44203788	0.4490593	0.4558562	0.46109024
0.97646606	0.9342419	0.89598596	0.8613373	0.8299658	0.8015665	0.77585876	0.7525844	0.73150736	0.7124126	0.6951047	0.67940795	0.6651629	0.65222657	0.6404709	0.6297809	0.62005275	0.61125225	0.6032066	0.59577197	0.58894855	0.58273613	0.577129	0.5720435	0.56738704	0.5630803	0.55912304	0.5555153	0.5522436	0.5492489
0.7406195	0.6984743	0.65692735	0.6161633	0.5764268	0.53796065	0.5009738	0.46562797	0.43203467	0.40025955	0.37032747	0.34223026	0.31593525	0.2913889	0.26852334	0.24726245	0.22752489	0.20926718	0.19229186	0.17647	0.16180167	0.14828686	0.13591371	0.124544665	0.11403082	0.10425638	0.095221244	0.08692547	0.07934298	0.07236194
0.0	0.15631552	0.28652278	0.39509863	0.4857475	0.56153995	0.62501913	0.6782908	0.7230925	0.7608625	0.7927838	0.81983113	0.8428156	0.8624012	0.8791345	0.8934711	0.905794	0.91620237	0.92520297	0.9332764	0.94042265	0.94664174	0.95194006	0.95648247	0.9604578	0.9640472	0.96725076	0.9700684	0.9725199	0.9746928
0.0	0.013822036	0.047087047	0.09077593	0.13907936	0.18833914	0.23633547	0.28179032	0.3240506	0.36284518	0.3981586	0.4301167	0.45891863	0.4848148	0.5080627	0.52891535	0.5476131	0.5642056	0.57912195	0.5927695	0.6051482	0.616258	0.6261146	0.6349067	0.6428385	0.6501153	0.6567371	0.6627038	0.66804546	0.67288524
0.0	0.0004949961	0.0033616996	0.009669141	0.019606495	0.032881018	0.04896592	0.06725417	0.08714295	0.10808325	0.12959778	0.15129028	0.1728384	0.19398956	0.21455461	0.23439276	0.25340244	0.27159563	0.2889371	0.3053046	0.3206981	0.33511767	0.3485736	0.361149	0.37293005	0.38395527	0.39422467	0.4037383	0.4125182	0.4206595
0.0	0.044931542	0.08922518	0.13268423	0.1750478	0.21605705	0.25548914	0.29317176	0.32898596	0.36286178	0.3947727	0.4247275	0.45276088	0.47893003	0.5033073	0.52597374	0.54701626	0.566481	0.5845786	0.60144645	0.61708456	0.6314928	0.64468396	0.6568047	0.6680136	0.6784342	0.6880667	0.6969109	0.7049947	0.7124373
0.7872222	0.74416256	0.7056108	0.6711051	0.64022523	0.61258763	0.5878429	0.5656751	0.5457999	0.5279633	0.51193905	0.49752635	0.4845481	0.47284755	0.46228603	0.4528388	0.44419518	0.43626866	0.42905915	0.42256674	0.4167338	0.4114713	0.40662023	0.40217036	0.39812165	0.39446744	0.39114198	0.38810515	0.3853305	0.38279396
0.7404934	0.69707376	0.6539596	0.6114717	0.5699922	0.5298757	0.49141008	0.454804	0.42019054	0.38763592	0.35715374	0.3287166	0.30226552	0.27772138	0.25499278	0.23403727	0.21455728	0.1964823	0.17981242	0.16454758	0.15058737	0.1377853	0.12590115	0.114920616	0.10484372	0.09565686	0.08722974	0.07948305	0.072362214	0.065816805
0.0	0.15779416	0.28489327	0.38731435	0.46990573	0.5365737	0.5904602	0.6340837	0.6694648	0.698215	0.7216256	0.7407308	0.7563518	0.76914877	0.779659	0.7879422	0.7949813	0.8010695	0.8062069	0.8103933	0.8137237	0.816374	0.8186771	0.82065624	0.8223114	0.8236502	0.82475644	0.82568127	0.82645506	0.827103
0.0	0.017342778	0.0580328	0.11000409	0.16589174	0.221358	0.27398926	0.32258365	0.36666325	0.40619665	0.44138452	0.47255397	0.50008786	0.5243716	0.54577446	0.56428176	0.5808587	0.59579843	0.60910094	0.6207662	0.63095546	0.6398643	0.6479548	0.6552589	0.66177654	0.6675243	0.6726554	0.67726135	0.68140227	0.68513054
0.0	0.0006879742	0.004603655	0.013054386	0.026114194	0.043234814	0.06361006	0.0863807	0.11074612	0.13601068	0.1616008	0.18705945	0.21203852	0.23628032	0.2595973	0.28203633	0.30335465	0.32345036	0.3423234	0.35997382	0.3764641	0.3918844	0.40631843	0.41976854	0.43223462	0.44372895	0.45436597	0.46421596	0.47333017	0.48175788
0.0	0.04629018	0.09225474	0.13755152	0.18177335	0.22454204	0.26555067	0.3045768	0.34147865	0.37618554	0.40868288	0.4390001	0.4671999	0.49336672	0.5175979	0.5399388	0.5607067	0.5799766	0.5977486	0.6140226	0.6289058	0.6425542	0.655224	0.66693044	0.6776736	0.6874678	0.696452	0.7047109	0.7123025	0.7192806
0.3290472	0.3184032	0.30820975	0.29844862	0.28910244	0.2801544	0.27158833	0.26338845	0.2555394	0.24802618	0.24083428	0.23394959	0.22735836	0.22104731	0.2150037	0.20921512	0.20366974	0.19835615	0.19326344	0.18838114	0.18369927	0.17920832	0.1748992	0.1707633	0.16679233	0.16297852	0.15931216	0.1557328	0.15221934	0.14914902
0.6099393	0.5994741	0.5888758	0.5781389	0.56727034	0.5562863	0.54520845	0.5340624	0.52287525	0.5116746	0.50048774	0.48934057	0.47825736	0.46726054	0.45637023	0.4456045	0.43497914	0.42450795	0.41420266	0.40407324	0.3941277	0.38437253	0.3748128	0.36545232	0.35629377	0.34733877	0.33858058	0.32994354	0.3214078	0.31355223
0.0	0.03998929	0.07625541	0.10912367	0.13889156	0.16583173	0.1901942	0.21220829	0.23208424	0.25001472	0.26617604	0.2807295	0.2938224	0.3055891	0.3161523	0.32562372	0.3341048	0.3416878	0.34845698	0.35448882	0.35985237	0.36461058	0.36882013	0.37253287	0.37579623	0.37865293	0.38113907	0.3834164	0.38555238	0.38673833
0.0	0.0023028785	0.008393788	0.01723942	0.028023545	0.040104546	0.052981187	0.066265695	0.079660326	0.09294012	0.1059387	0.11853391	0.13064101	0.14220455	0.1531892	0.16357751	0.17336564	0.18256015	0.19117334	0.19922282	0.20673068	0.21372126	0.22022074	0.22625533	0.23185107	0.23703395	0.2418312	0.24640374	0.2508146	0.25413883
0.0	6.112845e-5	0.00045030634	0.0014011097	0.0030652673	0.0055317273	0.008841842	0.013001187	0.017989567	0.023768276	0.030285688	0.037482932	0.045296326	0.053660043	0.062509194	0.0717804	0.08141275	0.09134853	0.10153402	0.11191959	0.1224596	0.13311236	0.14384021	0.15460895	0.16538793	0.17614989	0.18688245	0.19758524	0.20824204	0.21858984
0.0	0.011157068	0.022456	0.03390279	0.045489836	0.057200104	0.06901029	0.08089326	0.09282004	0.104761146	0.11668757	0.12857169	0.14038762	0.15211147	0.16372174	0.17519924	0.18652704	0.19769053	0.20867707	0.2194762	0.23007925	0.24047934	0.2506711	0.26065043	0.27041447	0.27996147	0.2892987	0.2985067	0.30760682	0.31598175
0.95990825	0.93421483	0.9102185	0.8878112	0.8668927	0.8473684	0.8291489	0.8121499	0.7962915	0.7814984	0.767699	0.7548268	0.74281865	0.7316158	0.72116274	0.711408	0.7023035	0.6938047	0.68586946	0.67845875	0.67153674	0.66506946	0.6590265	0.6533783	0.64809835	0.6431611	0.6385443	0.6341502	0.6298883	0.62638605
0.58635813	0.5611293	0.5362974	0.5118848	0.48793653	0.4645074	0.4416542	0.41943038	0.3978825	0.37704918	0.35696015	0.3376364	0.31909046	0.30132788	0.28434733	0.26814178	0.25269905	0.23800354	0.22403684	0.21077757	0.19820212	0.18628591	0.17500344	0.16432896	0.1542366	0.14470033	0.1356944	0.12705506	0.118647605	0.11157163
0.0	0.096650034	0.18241245	0.2585715	0.32625413	0.38645214	0.44003937	0.4877864	0.5303726	0.5683964	0.6023859	0.6328056	0.6600634	0.68452054	0.70649445	0.72626406	0.7440728	0.7601376	0.7746512	0.7877819	0.79967713	0.81046766	0.8202676	0.8291802	0.8372977	0.8447014	0.85145825	0.85776293	0.86382544	0.8684978
0.0	0.0053156684	0.018977724	0.03823348	0.061048843	0.08593064	0.11179354	0.13785765	0.16357405	0.18856676	0.21258365	0.2354712	0.25714532	0.2775664	0.29673404	0.31467378	0.33142766	0.34704626	0.3615857	0.37510788	0.38767752	0.39935574	0.41020253	0.42027542	0.42962906	0.43831554	0.44638175	0.45401475	0.46139744	0.46734297
0.0	0.0001340847	0.00095357164	0.0028670141	0.0060664476	0.010597653	0.016410865	0.023397712	0.03141648	0.04031018	0.049919933	0.060090903	0.07067899	0.08155331	0.09259675	0.103706464	0.11479525	0.12578824	0.13662209	0.14724511	0.15761591	0.167702	0.17747904	0.18692797	0.19603492	0.20479126	0.21319515	0.22135876	0.22934593	0.23631997
0.0	0.02689677	0.05337035	0.07939686	0.10492843	0.12990649	0.15427051	0.17796364	0.20093606	0.22314672	0.24456386	0.26516515	0.28493717	0.30387408	0.32197726	0.3392542	0.35571787	0.37138492	0.38627496	0.40041083	0.41381764	0.42652166	0.43855003	0.44993022	0.4606898	0.47085655	0.48045787	0.48966837	0.49863166	0.50617546
0.88718915	0.81641287	0.7571361	0.70747995	0.6658414	0.6308652	0.60141855	0.5765632	0.5555254	0.5376701	0.5224767	0.50958174	0.4984554	0.48880216	0.48061115	0.47364765	0.46756956	0.46232328	0.45784733	0.45397878	0.4506308	0.44773078	0.4452171	0.44303676	0.44114435	0.4395013	0.4380741	0.43683374	0.4357555	0.43481785
0.74925905	0.6761079	0.60528386	0.53813416	0.4757018	0.4185833	0.36697957	0.32079968	0.27976868	0.24350356	0.21157597	0.183607	0.15891881	0.13718125	0.118371904	0.10206937	0.08769644	0.075168185	0.06435998	0.054942407	0.04673544	0.03958393	0.033352878	0.02792402	0.023193832	0.019072983	0.015483079	0.012355313	0.009630301	0.007256234
0.0	0.25291345	0.43369293	0.5633953	0.6569071	0.72472423	0.7742353	0.8106317	0.83758885	0.8576997	0.8728082	0.8840341	0.89272314	0.8996992	0.9049733	0.90890753	0.91209507	0.91463643	0.91659945	0.91816694	0.9194276	0.92044777	0.92127806	0.9219577	0.92251706	0.9229796	0.92336404	0.92368513	0.9239543	0.9241808
0.0	0.041274354	0.12846974	0.22819588	0.3247769	0.41173238	0.48715687	0.5512987	0.6052661	0.65045613	0.68823045	0.7195707	0.74606603	0.768699	0.78750414	0.8031331	0.8165859	0.8280321	0.8376373	0.8458312	0.85283977	0.8588472	0.8640056	0.86844283	0.87226576	0.87556326	0.8784112	0.8808736	0.8830047	0.8848505
0.0	0.0019672122	0.012086158	0.031622585	0.058668297	0.090551436	0.12483038	0.15960802	0.19354714	0.225784	0.25581723	0.2834706	0.30873162	0.33146095	0.3516769	0.36966324	0.38573596	0.39992908	0.41235042	0.42328632	0.4329004	0.44134107	0.44874284	0.45522735	0.4609042	0.46587017	0.47021157	0.4740056	0.47731993	0.48021397
0.0	0.07798738	0.15349366	0.22508271	0.2916426	0.35253733	0.40755266	0.4567856	0.5005292	0.5391919	0.5732302	0.60304826	0.62936866	0.6525433	0.6725962	0.6899766	0.7052997	0.7186562	0.73017895	0.7402192	0.74896866	0.756593	0.763236	0.7690237	0.7740666	0.7784599	0.7822872	0.7856217	0.7885269	0.7910579
0.83594346	0.7526564	0.6845184	0.62872326	0.58292896	0.54521275	0.51402026	0.48810643	0.46648124	0.44848493	0.43309164	0.4200039	0.40910923	0.39983582	0.39183217	0.3850676	0.37929288	0.37433568	0.3700729	0.3664021	0.36323684	0.36050424	0.35814315	0.35610127	0.35433382	0.35280296	0.3514766	0.3503267	0.34932914	0.34846354
0.86516804	0.7774241	0.69167686	0.61035043	0.53519577	0.4671088	0.40630165	0.35253978	0.30533278	0.26415518	0.2279324	0.19638638	0.16931167	0.14575243	0.1251585	0.10746606	0.0921631	0.07888812	0.06737009	0.05737484	0.04869923	0.04116687	0.034626544	0.028946502	0.024011973	0.019724606	0.015999714	0.012762696	0.009948886	0.007502954
0.0	0.29188323	0.48686284	0.61722976	0.7045624	0.76320124	0.80264014	0.82918304	0.84700835	0.8584656	0.86653227	0.8721135	0.87536544	0.8772761	0.8784994	0.87906367	0.8792215	0.8791346	0.87889606	0.8785689	0.87819654	0.877808	0.8774218	0.8770505	0.87670106	0.87637734	0.8760809	0.8758122	0.8755701	0.87535334
0.0	0.059232667	0.17771438	0.30553	0.42257947	0.5225854	0.6052393	0.6724638	0.72677666	0.77000797	0.8057088	0.8350224	0.8583107	0.87733406	0.8933081	0.90632254	0.9170822	0.92606384	0.9335943	0.9399324	0.9452867	0.9498254	0.9536833	0.95697176	0.959782	0.96218854	0.9642527	0.9660267	0.9675539	0.96887004
0.0	0.0034074143	0.020299215	0.051639266	0.09341776	0.14099534	0.19058529	0.23952702	0.28614715	0.3297441	0.36963412	0.40551427	0.43751583	0.46612483	0.49152112	0.51376057	0.53328764	0.55042946	0.5654521	0.57859993	0.5900945	0.6001359	0.6089011	0.6165477	0.6232164	0.6290299	0.6340953	0.6385082	0.64235234	0.64570004
0.0	0.09354479	0.18496102	0.27166402	0.35178733	0.4243756	0.48920283	0.546519	0.5968469	0.6407469	0.6793643	0.71299595	0.74186057	0.76697737	0.78893286	0.8077949	0.82410955	0.8382622	0.8505417	0.8611978	0.8704469	0.8784773	0.88545	0.89150554	0.8967663	0.90133715	0.9053083	0.9087593	0.91175914	0.9143668
0.6273867	0.60127187	0.57694733	0.5542956	0.53320634	0.51357514	0.49530262	0.47829413	0.46246025	0.4477162	0.43398246	0.42118448	0.4092527	0.3981225	0.38773373	0.37803113	0.36896333	0.36048308	0.3526865	0.34530887	0.33831108	0.33169308	0.32545495	0.31959665	0.3141182	0.3090192	0.3042427	0.2997508	0.29551077	0.29151526
0.78032494	0.75434184	0.7281383	0.70176154	0.67531586	0.64893264	0.6227493	0.5968977	0.5714961	0.5466461	0.5224311	0.4989167	0.4761522	0.45417234	0.4329986	0.4126414	0.3931029	0.37437764	0.35650304	0.3393529	0.3229105	0.30717584	0.29214892	0.27782974	0.26421827	0.25131014	0.23902096	0.22732303	0.21617132	0.20555657
0.0	0.096991435	0.18053977	0.25245947	0.3143255	0.36750746	0.41319585	0.45242426	0.48608825	0.5149624	0.5397158	0.56092423	0.5790841	0.59462315	0.60790753	0.6192508	0.6289251	0.6371642	0.64357656	0.64923596	0.6543031	0.65877783	0.66266036	0.66595066	0.6686486	0.6707473	0.67237103	0.67366064	0.67469424	0.6754907
0.0	0.007895571	0.027582237	0.0544126	0.085137874	0.1175205	0.15005001	0.18173814	0.21196622	0.24037747	0.2667913	0.29115477	0.3134923	0.33387887	0.352424	0.36925346	0.38449693	0.39828554	0.41021693	0.4212059	0.43139422	0.4407819	0.44936892	0.4571553	0.46414104	0.47032735	0.4758724	0.4808765	0.4854325	0.48956242
0.0	0.00028213402	0.0019885001	0.0059277783	0.012441487	0.021568052	0.033158984	0.046958223	0.062657684	0.07993213	0.0984642	0.11795586	0.13813737	0.1587703	0.17964743	0.20059296	0.2214576	0.24211772	0.26279896	0.28298166	0.302583	0.321603	0.34004173	0.35789907	0.3751751	0.39187872	0.4080379	0.4236081	0.4385969	0.45300397
0.0	0.027700862	0.055636715	0.083757356	0.11195134	0.14007887	0.16799319	0.19555387	0.22263482	0.2491277	0.27494362	0.3000126	0.32428208	0.34771508	0.37028864	0.39199167	0.41282192	0.43278515	0.45184147	0.4701254	0.48765486	0.50442976	0.5204502	0.535716	0.55022734	0.5639888	0.5770905	0.5895618	0.60145074	0.6127673
0.94031405	0.8834385	0.83339465	0.78937775	0.7506654	0.71660894	0.6866289	0.66021174	0.6369064	0.616318	0.5981031	0.5819645	0.56764317	0.5550327	0.5436557	0.533403	0.52427477	0.5162295	0.5090919	0.5026204	0.49678153	0.49157524	0.4869419	0.48277777	0.47903287	0.47566256	0.47262758	0.4698931	0.46742827	0.46520528
0.83837694	0.780637	0.7235857	0.667808	0.6139439	0.56253475	0.51397	0.46848667	0.42618787	0.38707516	0.35107267	0.31805155	0.28785345	0.26036087	0.23512274	0.21205175	0.19114794	0.17233859	0.15533854	0.13978378	0.12562762	0.11287008	0.10139416	0.090998776	0.08158339	0.073056206	0.06533362	0.05834022	0.052007332	0.046272416
0.0	0.20706257	0.36875635	0.4951467	0.59408176	0.6716754	0.7326764	0.7807689	0.8187967	0.84896785	0.87298596	0.8921643	0.9075377	0.91944516	0.9294184	0.937832	0.944686	0.950047	0.9542602	0.9578395	0.96086144	0.9633262	0.9653115	0.9669579	0.9683272	0.96946955	0.97042537	0.97122705	0.97190166	0.972471
0.0	0.025486825	0.083247304	0.15437077	0.22822174	0.29913712	0.3643912	0.42293277	0.47465602	0.5199168	0.5593066	0.5934846	0.62309706	0.64832145	0.6706008	0.690295	0.707404	0.72204536	0.73464143	0.7458659	0.75582033	0.76450497	0.772063	0.7787342	0.7846337	0.78986055	0.79449964	0.7986233	0.80229473	0.8055682
0.0	0.0011426746	0.007447806	0.020600965	0.04025681	0.065199785	0.09397022	0.12517755	0.15763155	0.1903805	0.22270004	0.2540704	0.28412524	0.3128558	0.3398851	0.36508372	0.38845167	0.41003457	0.4299931	0.44845957	0.46544176	0.48093966	0.49505317	0.5079538	0.5197322	0.5304752	0.5402659	0.5491821	0.55729675	0.56467795
0.0	0.06155715	0.12238029	0.1818455	0.23927066	0.29407862	0.34585398	0.39434436	0.43943956	0.4811381	0.51952076	0.554725	0.58691955	0.61622965	0.6431364	0.6677326	0.6900184	0.71007127	0.7281952	0.74477834	0.7598704	0.77347136	0.785706	0.7967886	0.8068265	0.81591743	0.8241505	0.83160627	0.83835787	0.84447193
0.6094538	0.55819786	0.51411235	0.4761862	0.44352975	0.4153666	0.3910265	0.36993718	0.35161346	0.33564633	0.32169247	0.30953154	0.2988353	0.28923064	0.2807175	0.2732838	0.26676658	0.26091465	0.25564998	0.25097266	0.24683751	0.24313699	0.23982033	0.23684405	0.23417024	0.2317659	0.22960189	0.2276525	0.22589512	0.22430979
0.73709565	0.68406117	0.6311268	0.5792473	0.5293121	0.48198748	0.43769297	0.3966337	0.35885334	0.32428038	0.29277018	0.26419026	0.23820153	0.21447138	0.19299982	0.17375915	0.1564717	0.1407356	0.12643072	0.11355708	0.10201775	0.09158771	0.0821568	0.07362701	0.06591004	0.05892685	0.052606072	0.04688323	0.04170051	0.037005927
0.0	0.18294756	0.31659448	0.41406205	0.48503754	0.53664154	0.57408565	0.60117096	0.62067336	0.63461435	0.6444682	0.6511005	0.65548223	0.6587633	0.6609435	0.66202754	0.66228735	0.66217947	0.66184765	0.6612919	0.6605492	0.65972257	0.65885264	0.6579687	0.6570912	0.65623444	0.6554088	0.6546208	0.6538745	0.6531719
0.0	0.030308153	0.09639549	0.17436105	0.25192758	0.32336032	0.38648143	0.440958	0.48732617	0.5264916	0.5594418	0.5868148	0.60970813	0.62963814	0.64660496	0.6606519	0.6722775	0.682318	0.69106525	0.6985193	0.70480764	0.7102268	0.71491325	0.71897906	0.7225173	0.72560483	0.7283066	0.7306774	0.73276275	0.7346014
0.0	0.0014527037	0.0092596505	0.025074935	0.04803511	0.076380834	0.10824906	0.1420116	0.1763787	0.2103943	0.24339163	0.27503166	0.30509463	0.33314285	0.3591764	0.38322088	0.40542755	0.42595306	0.44482732	0.4620503	0.4777123	0.49201608	0.50506747	0.51696634	0.5278078	0.53768027	0.54666644	0.55484295	0.5622809	0.5690451
0.0	0.056540675	0.112974584	0.16828395	0.22152047	0.27197376	0.3191967	0.36297038	0.40324855	0.44010717	0.47370058	0.50416994	0.53187686	0.5571758	0.58006686	0.60057956	0.61901	0.6357864	0.651037	0.6647618	0.67706394	0.68818355	0.69823796	0.7073317	0.7155588	0.7230037	0.72974235	0.7358435	0.7413689	0.74637383
0.42750233	0.36919165	0.32083437	0.2806671	0.24718824	0.21914624	0.19551818	0.17556953	0.15863937	0.14369155	0.13072611	0.119644634	0.110146865	0.10156514	0.093868926	0.08705827	0.08108754	0.07574829	0.07094562	0.066610456	0.06268474	0.059119437	0.055872794	0.05290856	0.050195735	0.047707614	0.04542118	0.043316092	0.041374356	0.039580334
0.9757277	0.9127086	0.84733886	0.7820241	0.7188396	0.6591691	0.60375476	0.5529201	0.5066268	0.46430352	0.42595038	0.39138556	0.36035377	0.33183214	0.30577102	0.2821705	0.26089823	0.24151115	0.22380072	0.20759244	0.1927323	0.17908491	0.16653085	0.1549636	0.14428918	0.13442436	0.12529573	0.116837315	0.10898974	0.10170024
0.0	0.19900624	0.32467324	0.40199754	0.44773448	0.47298414	0.48503938	0.48837364	0.4861543	0.48198918	0.47587833	0.4679281	0.45907322	0.450404	0.44196352	0.43375182	0.42574516	0.41809168	0.4108467	0.40401492	0.39758953	0.391557	0.38590008	0.38060006	0.37563658	0.37098905	0.36663768	0.36256325	0.35874754	0.35517317
0.0	0.051059384	0.15126449	0.25615963	0.34839192	0.4232001	0.48113942	0.52413803	0.5547932	0.5786406	0.59568006	0.6063433	0.6119207	0.61559474	0.6175145	0.61768	0.6161854	0.6137673	0.61075413	0.60733956	0.6036681	0.5998477	0.5959593	0.5920654	0.58821106	0.5844286	0.5807411	0.5771655	0.5737136	0.57039243
0.0	0.0035798794	0.021773398	0.05647994	0.10408728	0.15992498	0.21993968	0.28131095	0.34203324	0.39975575	0.45447835	0.50629175	0.55479777	0.60006785	0.6421107	0.6809265	0.7166929	0.74977857	0.78036845	0.8086604	0.83484167	0.8590865	0.8815553	0.9023955	0.92174214	0.93971825	0.95643485	0.97199357	0.98648715	1.0
0.0	0.06718544	0.13687685	0.20650966	0.27387142	0.33748683	0.39656472	0.45076013	0.500114	0.54523534	0.58612406	0.62297404	0.6560574	0.6864646	0.71424866	0.73940945	0.76208806	0.78275687	0.8016382	0.818918	0.8347606	0.8493102	0.86269426	0.8750263	0.8864064	0.89692336	0.9066555	0.9156731	0.92403954	0.9318109
0.570452	0.5193093	0.47497514	0.43653876	0.40318808	0.37420475	0.34896109	0.32691532	0.30760437	0.29063508	0.27587682	0.26265717	0.2507175	0.24005787	0.23067375	0.2223912	0.21494153	0.20813741	0.20197894	0.19646527	0.19150971	0.18701334	0.18292668	0.1792062	0.17581397	0.17271678	0.16988543	0.16729388	0.16491908	0.16274074
0.88601255	0.8328187	0.77869815	0.7246495	0.6717111	0.620729	0.5722956	0.5267663	0.48430577	0.4449385	0.40870273	0.37518305	0.34422132	0.31581765	0.28995255	0.26636353	0.24469337	0.22466443	0.20627674	0.18952782	0.17422946	0.16018376	0.14728083	0.13542053	0.124511935	0.11447284	0.105228916	0.09671227	0.08886126	0.08162023
0.0	0.1816791	0.31385267	0.4094594	0.47816128	0.5271319	0.56166655	0.5856546	0.6019474	0.61263007	0.6185049	0.62200963	0.6240605	0.6246577	0.62378377	0.62178457	0.619284	0.6166384	0.613848	0.6109114	0.6078975	0.60491526	0.60199994	0.59917706	0.59646285	0.59386766	0.59139735	0.5890545	0.58683944	0.5847498
0.0	0.03161085	0.1000251	0.17995797	0.25857756	0.33003005	0.39222333	0.44499117	0.48905796	0.52549577	0.554442	0.57865417	0.59930503	0.6163944	0.6299385	0.64052784	0.6491066	0.6564244	0.6624811	0.6672782	0.6710578	0.6741068	0.67655754	0.67851985	0.6800823	0.6813174	0.68228436	0.68303275	0.6836032	0.68402815
0.0	0.0017333827	0.011110626	0.03025305	0.058267567	0.09314217	0.13269162	0.17497073	0.21841423	0.26184094	0.3048451	0.34621334	0.3854466	0.42254487	0.45753878	0.4904978	0.5214116	0.55031526	0.57720876	0.60209584	0.6251545	0.64654756	0.6663838	0.68476874	0.701804	0.7175862	0.732206	0.7457485	0.7582936	0.7699155
0.0	0.056710646	0.11440919	0.17203109	0.22846934	0.28282186	0.3344573	0.3829967	0.42826435	0.47023425	0.5088656	0.5446014	0.57760996	0.60789144	0.63546664	0.6606151	0.68371797	0.705071	0.7246743	0.7425305	0.7588403	0.7738146	0.7875706	0.800215	0.8118447	0.82254755	0.8324026	0.8414823	0.8498524	0.85757214
0.3640165	0.3507069	0.33817536	0.3263775	0.31527144	0.30481744	0.29497752	0.28571558	0.2769971	0.2687893	0.26106098	0.2537827	0.24692656	0.2404662	0.23437685	0.22863522	0.22321944	0.21810909	0.21328497	0.20872916	0.2044249	0.20035653	0.1965095	0.19287026	0.18942614	0.18616521	0.18307638	0.18014933	0.17736478	0.1747424
0.4359856	0.4228495	0.40968573	0.39651397	0.38336578	0.3702794	0.3572952	0.34445322	0.33179125	0.31934342	0.30713993	0.2952063	0.28356382	0.27222937	0.26121596	0.25053295	0.2401865	0.23017958	0.22051305	0.21118572	0.2021945	0.19353458	0.18520011	0.17718408	0.1694789	0.16207659	0.15496857	0.14814588	0.1415801	0.13531743
0.0	0.049803056	0.093852475	0.13280624	0.1672478	0.19769517	0.22460839	0.24839567	0.26941943	0.28800052	0.30442315	0.31893912	0.3317704	0.34311292	0.3531406	0.36200646	0.36984536	0.37677535	0.38290167	0.3883178	0.39310545	0.39733624	0.4010738	0.4043733	0.40728468	0.4098526	0.41211647	0.41411054	0.41587728	0.4174047
0.0	0.0033253152	0.011993644	0.02438682	0.039264847	0.055684686	0.07293515	0.090488024	0.107954726	0.12505786	0.14160402	0.15746261	0.17255396	0.18683548	0.20028877	0.21291703	0.2247382	0.23578027	0.24607629	0.2556627	0.2645794	0.27286804	0.28056863	0.28772053	0.2943615	0.30052748	0.3062528	0.31157005	0.31653276	0.32110086
0.0	7.804523e-5	0.0005649003	0.0017274083	0.0037150243	0.006592252	0.01036387	0.014993201	0.020417504	0.026557494	0.03332572	0.040632594	0.04838922	0.056510687	0.064918004	0.073538415	0.08230593	0.09116215	0.10005517	0.10893934	0.117775306	0.12652934	0.13517301	0.14368299	0.15203926	0.16022508	0.16822708	0.17603508	0.18365814	0.19104423
0.0	0.014004549	0.028038578	0.042081177	0.056098573	0.07005015	0.08389277	0.09758371	0.11108281	0.12435356	0.13736387	0.15008645	0.16249862	0.17458244	0.18632396	0.19771323	0.20874372	0.21941221	0.22971782	0.23966177	0.24924743	0.25847986	0.26736534	0.27591133	0.2841259	0.2920176	0.2995955	0.3068693	0.31386915	0.32054585
0.90294266	0.8626371	0.8272974	0.7963174	0.7691611	0.7453544	0.7244787	0.70616627	0.6900944	0.6759808	0.66358006	0.652677	0.6430846	0.6346408	0.6272038	0.62064946	0.6148696	0.60977083	0.6052716	0.6012989	0.59780264	0.59468687	0.5919104	0.58947337	0.5873366	0.58544695	0.5837752	0.5822961	0.580987	0.57982826
0.4605314	0.4202882	0.38198343	0.34581932	0.31196046	0.28050658	0.25148982	0.22488254	0.20061085	0.17856638	0.15861824	0.14062393	0.12443377	0.10989878	0.09687464	0.085222594	0.0748106	0.065517865	0.05723289	0.049852274	0.043297168	0.037418135	0.032155715	0.027509866	0.023413584	0.019775841	0.016545458	0.013677634	0.011132375	0.008873682
0.0	0.14907697	0.2691751	0.3663111	0.4452054	0.50956774	0.5623195	0.60575813	0.64170164	0.6715859	0.6965448	0.7174894	0.7351431	0.750082	0.7627736	0.7736001	0.7828673	0.7908233	0.79767317	0.8035898	0.80867904	0.81314075	0.8170699	0.82046646	0.82339925	0.82596284	0.82820755	0.83017546	0.8319026	0.83342016
0.0	0.013686272	0.045914024	0.0872863	0.13205045	0.1767896	0.2195609	0.25936228	0.2957481	0.32862642	0.35810244	0.38437834	0.40771767	0.4283969	0.44668663	0.46284485	0.4771137	0.48970816	0.5008219	0.5106297	0.51925427	0.5269335	0.5337709	0.53976667	0.54501855	0.5496585	0.5537598	0.5573857	0.56059176	0.5634275
0.0	0.00037776402	0.002477423	0.0068893055	0.013523093	0.021981573	0.031770747	0.042405892	0.05346537	0.06460457	0.07556045	0.0861385	0.09620523	0.10567702	0.11450602	0.12267214	0.1301793	0.13704517	0.14329651	0.14896642	0.15409338	0.15874897	0.16295278	0.1667048	0.17004795	0.17304032	0.17571594	0.17810571	0.18023801	0.18213908
0.0	0.04290376	0.08374093	0.122295894	0.15839322	0.1919266	0.22286168	0.251228	0.27710435	0.30060622	0.3218732	0.34105712	0.3583176	0.37381354	0.38769874	0.40012112	0.41122147	0.42112857	0.42996126	0.43782985	0.44481832	0.451086	0.45669636	0.46164933	0.46601644	0.46989468	0.47333863	0.47639605	0.47910956	0.4815176
0.20868859	0.18751733	0.16857202	0.15161553	0.1364306	0.122818984	0.110601105	0.09961572	0.08971915	0.08078428	0.07269906	0.06536534	0.058697037	0.05272207	0.0472179	0.042085566	0.037325066	0.032936398	0.028919555	0.02525842	0.02191851	0.018838093	0.015920665	0.013166224	0.01057477	0.008146313	0.0058808345	0.0037783438	0.001829788	0.0
0.61323726	0.59137726	0.5687226	0.54555386	0.5221962	0.49895823	0.4761034	0.4538394	0.43231863	0.4116451	0.39188236	0.373061	0.3551882	0.33833656	0.32235876	0.30717814	0.29279473	0.2792085	0.26641944	0.2543847	0.24309485	0.23246032	0.22230448	0.21262729	0.20342878	0.19470894	0.18646775	0.17870525	0.17138664	0.1644385
0.0	0.075693704	0.13326494	0.17666712	0.20903242	0.23283151	0.25000408	0.26206565	0.2701969	0.27531418	0.27812982	0.27919245	0.27893022	0.27738047	0.27526432	0.27287483	0.27021196	0.26727572	0.26406616	0.26057735	0.25695103	0.2533	0.24972884	0.2462376	0.24282625	0.2394948	0.23624322	0.23307155	0.22996247	0.22694245
0.0	0.012363153	0.040989384	0.07686542	0.11453747	0.15087336	0.18422063	0.21384852	0.23957108	0.26151937	0.2799801	0.2953175	0.3079093	0.31752095	0.32535946	0.33198503	0.33739766	0.34159744	0.34458423	0.34641454	0.3472633	0.3474156	0.34730867	0.34694245	0.34631705	0.34543237	0.34428847	0.34288535	0.34122115	0.3394257
0.0	0.00053498655	0.0036206215	0.010375255	0.020961722	0.035035793	0.052024614	0.07128925	0.09221704	0.114261925	0.1369635	0.15994643	0.18291213	0.2058152	0.22820227	0.24989109	0.27088162	0.29117388	0.3107679	0.32971194	0.3479081	0.36535403	0.3821313	0.39823994	0.41367987	0.42845106	0.44255364	0.45598754	0.46881258	0.48108658
0.0	0.023305226	0.047457576	0.07215805	0.09706004	0.12183425	0.14620003	0.169936	0.19287951	0.21491978	0.2359891	0.25605476	0.27510917	0.2930749	0.31010902	0.32629323	0.34162757	0.35611203	0.36974657	0.38257697	0.3946132	0.40595078	0.41677806	0.42709503	0.4369017	0.446198	0.454984	0.4632597	0.47106215	0.47846964
0.9868101	0.9296902	0.8797659	0.83614534	0.7980352	0.7647305	0.73560745	0.71011895	0.6877867	0.66819686	0.6509898	0.63585556	0.6225282	0.6107762	0.6004772	0.59125954	0.583016	0.5757462	0.5693884	0.5637765	0.5587209	0.5542209	0.5502645	0.54675406	0.5436288	0.5408451	0.53836435	0.53615284	0.53418076	0.53242135
0.7471163	0.6892802	0.6328476	0.5783778	0.5264296	0.4774402	0.4316911	0.38931713	0.35033312	0.3146624	0.28216824	0.25267106	0.22596967	0.20185535	0.18017133	0.16047823	0.1426669	0.12673733	0.11258036	0.099907584	0.088421375	0.07812107	0.06898273	0.060816605	0.053503305	0.046954934	0.041092113	0.03584385	0.031146321	0.026941894
0.0	0.20844989	0.3710671	0.49823284	0.5979644	0.6764515	0.73846614	0.78768116	0.82692456	0.8583661	0.8836919	0.9041945	0.92087185	0.9345147	0.9454565	0.9547316	0.96266925	0.96926934	0.97463477	0.9790572	0.98291975	0.9862234	0.98898417	0.99133265	0.99334866	0.9950852	0.9965857	0.99788594	0.9990157	1.0
0.0	0.024742085	0.08085699	0.15004778	0.222028	0.29131308	0.35524055	0.41277134	0.4637624	0.5085414	0.54763776	0.5816746	0.6112629	0.6369733	0.6590706	0.67858577	0.6958418	0.7108386	0.72373927	0.7349336	0.7449357	0.7537467	0.76139635	0.76811343	0.77403885	0.7792726	0.7839011	0.78799844	0.79162914	0.7948495
0.0	0.0010174734	0.0065903515	0.018118773	0.035198964	0.056685057	0.081251234	0.10766165	0.13487878	0.16209319	0.18870029	0.21427701	0.23854795	0.26134047	0.28267795	0.30249116	0.32071328	0.33734438	0.35245657	0.3662464	0.3788483	0.39026254	0.4005094	0.40975058	0.41808978	0.42560673	0.43237635	0.438468	0.4439455	0.44886798
0.0	0.061659787	0.121823214	0.1798942	0.23527674	0.2875049	0.33627856	0.38145396	0.42301527	0.46104422	0.49568665	0.52713394	0.5556006	0.5813092	0.6044268	0.6254218	0.6444106	0.66139334	0.6764863	0.68999684	0.70224243	0.7132237	0.72296625	0.7316722	0.73946905	0.7464503	0.75270075	0.75829595	0.76330405	0.76778644
0.7816621	0.7076276	0.64529073	0.59278655	0.5485015	0.51105714	0.4792943	0.4522503	0.4291332	0.409505	0.3922773	0.3772246	0.36432767	0.35324997	0.3434478	0.33480227	0.32729432	0.32071242	0.31490585	0.30977327	0.3052284	0.30119798	0.29761848	0.2944352	0.29160112	0.2890756	0.28682268	0.28481114	0.28301382	0.28140685
0.9730927	0.89545715	0.81773746	0.7418431	0.6694761	0.601794	0.53941274	0.4825283	0.43104792	0.38479802	0.34298477	0.3054584	0.27217647	0.24262595	0.21602434	0.19220348	0.17112257	0.15235503	0.13559362	0.12061752	0.10723031	0.09525852	0.08454756	0.07495998	0.06637456	0.058684222	0.051792715	0.045614537	0.04007431	0.035104733
0.0	0.2608705	0.44210494	0.5675722	0.6541217	0.71356887	0.7541482	0.78158885	0.79986525	0.8109394	0.8185964	0.8236304	0.8260503	0.82653475	0.8262386	0.8254092	0.82406217	0.82242876	0.82066923	0.8188659	0.8170748	0.8153333	0.8136665	0.8120894	0.8106098	0.8092314	0.8079544	0.80677646	0.8056937	0.8047015
0.0	0.049586516	0.15177236	0.26529726	0.3719209	0.4649251	0.5430448	0.6073446	0.65971625	0.70115554	0.73575145	0.76444036	0.78729504	0.80536526	0.82050514	0.8331689	0.843412	0.85182863	0.85883266	0.86468774	0.8696039	0.87374836	0.8772575	0.88024104	0.882787	0.8849671	0.8868413	0.88845795	0.8898567	0.8910706
0.0	0.002981313	0.018346006	0.048095267	0.089445844	0.13845938	0.19153145	0.24585345	0.2994361	0.35147023	0.40036228	0.44572592	0.48759773	0.5261476	0.5615046	0.5936781	0.6227054	0.6489466	0.6726682	0.6940856	0.71340483	0.7308187	0.74650615	0.76063347	0.7733515	0.7847974	0.7950967	0.8043638	0.812701	0.8202011
0.0	0.08276816	0.16562606	0.24653792	0.32368916	0.39584592	0.46235132	0.5229965	0.5778802	0.62718785	0.67176545	0.71177274	0.747255	0.7787591	0.8071195	0.8325151	0.85498977	0.87499803	0.89286757	0.90883374	0.923106	0.9358693	0.94728845	0.9575099	0.9666628	0.97486156	0.9822087	0.98879534	0.99470186	1.0
0.29569998	0.27421534	0.2544708	0.23632784	0.21965687	0.20433553	0.19024882	0.17728911	0.1653563	0.15435797	0.1442093	0.13483281	0.12615804	0.11814429	0.11079366	0.10386122	0.09734695	0.09125086	0.08557292	0.08031228	0.075406544	0.07090759	0.06662866	0.06255458	0.058685403	0.055021096	0.051561657	0.0483071	0.045257412	0.042390365
0.84222525	0.820386	0.7977311	0.7743692	0.7504971	0.72634315	0.7021336	0.6780737	0.6543386	0.6310708	0.6083815	0.5863528	0.5650424	0.5444949	0.52476174	0.50578016	0.48755023	0.47007185	0.45334506	0.43736553	0.4220641	0.40758166	0.3936565	0.38026682	0.36741263	0.355094	0.34331083	0.33206314	0.321351	0.31111178
0.0	0.07812122	0.14149058	0.1926203	0.23361975	0.26625746	0.29201168	0.31211275	0.3275823	0.33926395	0.34785515	0.35392877	0.35795534	0.36023057	0.36085868	0.36085954	0.36023322	0.3589796	0.3570988	0.3545869	0.35160756	0.34818354	0.34469825	0.34118155	0.33763352	0.33405417	0.3304434	0.32680136	0.3231279	0.31941858
0.0	0.009805463	0.033187218	0.06347302	0.096359745	0.12916228	0.16028778	0.18887103	0.21451353	0.23712048	0.25677148	0.27365053	0.2879966	0.29994532	0.30943817	0.31768972	0.32470003	0.33046907	0.33499688	0.33828506	0.34059182	0.34174374	0.34250084	0.34292442	0.34301454	0.34277117	0.34219426	0.3412839	0.34004003	0.33849505
0.0	0.00045065588	0.0031200403	0.009141649	0.018870784	0.032198902	0.048762724	0.06807931	0.089633	0.112922415	0.13749002	0.16293418	0.18891034	0.21519373	0.24168721	0.2676941	0.29321432	0.31824806	0.34279516	0.3668632	0.39040866	0.41326773	0.43543753	0.45691928	0.47771296	0.49781856	0.5172361	0.5359656	0.55400705	0.57144594
0.0	0.023283055	0.04743574	0.07234208	0.09779239	0.123543195	0.1493533	0.17500384	0.20030814	0.2251142	0.24930349	0.27278855	0.29550788	0.31741375	0.3384515	0.35868797	0.37812316	0.39675707	0.41458967	0.43162563	0.4479387	0.46337858	0.47822437	0.49249926	0.50620323	0.5193363	0.53189844	0.54388976	0.55531013	0.56622624
0.35141048	0.32379046	0.29878774	0.27615678	0.25567007	0.23711608	0.22029938	0.20504065	0.19117679	0.17856058	0.16706003	0.15655719	0.14704113	0.13834082	0.13020784	0.12264219	0.1156439	0.10921296	0.10333265	0.09794601	0.09299239	0.08829749	0.08386129	0.07968381	0.07576504	0.072105	0.06870366	0.06555096	0.06259216	0.05980694
0.8422226	0.8139421	0.7846704	0.75465035	0.7242317	0.6937804	0.6636293	0.6340562	0.6052779	0.5774535	0.5506908	0.52505594	0.5006246	0.477375	0.45520425	0.43411234	0.41409928	0.39516503	0.37726915	0.36039174	0.3444815	0.32927135	0.3147614	0.30095157	0.28784192	0.27543238	0.263723	0.25267452	0.24218036	0.23220693
0.0	0.09969495	0.17808531	0.23934543	0.2868743	0.32343185	0.35124943	0.3721234	0.38749254	0.3985087	0.40608844	0.41096154	0.41336033	0.4140631	0.41402683	0.41325155	0.41173723	0.4094839	0.406494	0.4030032	0.39920327	0.39540714	0.39161476	0.3878261	0.38404125	0.38026014	0.37648278	0.37268934	0.3689439	0.36527967
0.0	0.014048883	0.046690915	0.087798335	0.13121541	0.17337266	0.2123523	0.24726866	0.2778623	0.30422956	0.32666132	0.34554037	0.36079618	0.37317863	0.38390982	0.3929897	0.40041822	0.40619546	0.41037774	0.41320705	0.4149319	0.4162576	0.41718414	0.4177115	0.4178397	0.41756877	0.41689867	0.41582504	0.4145168	0.41304865
0.0	0.00068097527	0.0046235174	0.013294956	0.0269561	0.04521454	0.06737155	0.09262817	0.12020207	0.14938658	0.17957595	0.21026719	0.2412814	0.27210724	0.3021302	0.3313503	0.3597674	0.38738167	0.41423455	0.4401862	0.46515888	0.48920268	0.5123177	0.5345038	0.55576116	0.5760896	0.59548926	0.6140285	0.6317881	0.64878136
0.0	0.030150207	0.06135702	0.09336182	0.12579148	0.15825595	0.19040044	0.22192867	0.25260955	0.28227344	0.3108054	0.33813512	0.36418167	0.3889683	0.41260478	0.4350911	0.45642728	0.4766133	0.49569234	0.5136855	0.53064764	0.5468633	0.5623326	0.5770554	0.5910318	0.6042617	0.6167452	0.6285241	0.63971204	0.65034485
0.2594903	0.24663812	0.23461258	0.22336142	0.2128353	0.20298736	0.19377321	0.18515064	0.17707968	0.16952267	0.16244404	0.1558105	0.14959091	0.1437561	0.13827902	0.13313451	0.12829915	0.12375128	0.11947086	0.115439355	0.11163972	0.108056046	0.10467364	0.10147898	0.0984515	0.09549295	0.09260329	0.0897825	0.0870306	0.085586965
0.45087126	0.4380835	0.42514676	0.41209376	0.39897332	0.38584182	0.3727575	0.35977656	0.34695068	0.3343256	0.3219407	0.30982855	0.2980156	0.28652224	0.27536348	0.26454955	0.25408697	0.24397847	0.23422384	0.2248203	0.21576318	0.20704646	0.1986629	0.19060399	0.18280713	0.17515092	0.16763529	0.16026025	0.15302579	0.14846155
0.0	0.047703814	0.08891853	0.12448849	0.15515159	0.18155304	0.20425647	0.22375388	0.24047379	0.25478917	0.26702425	0.2774597	0.2863397	0.29387552	0.30024964	0.30561948	0.31012255	0.31387767	0.3169866	0.31953743	0.32160616	0.3232599	0.32455692	0.32554647	0.3262186	0.3268157	0.3273379	0.3277852	0.32815757	0.3271076
0.0	0.004015538	0.014310124	0.028756687	0.045771874	0.06419047	0.08316749	0.102101155	0.120575026	0.1383106	0.15513124	0.1709383	0.18568534	0.1993647	0.21199748	0.22362298	0.23428963	0.24405341	0.25297526	0.26111567	0.2685345	0.27528897	0.2814337	0.28702068	0.29206336	0.29692566	0.30160785	0.30610985	0.3104317	0.31133193
0.0	0.00010700801	0.0007686248	0.002332793	0.0049804025	0.008775056	0.013700608	0.0196892	0.026641399	0.03444111	0.042966306	0.052095085	0.06171132	0.07170713	0.08198409	0.09245429	0.10303994	0.113673374	0.1242962	0.13485913	0.14532058	0.1556452	0.16580373	0.1757731	0.18564741	0.1953973	0.20502275	0.21452375	0.22390027	0.2309129
0.0	0.013633184	0.027425202	0.041341137	0.055328995	0.069328636	0.08327797	0.09711712	0.11079097	0.12425068	0.13745439	0.15036727	0.16296123	0.17521444	0.1871109	0.19863972	0.20979403	0.22057082	0.23097037	0.24099559	0.25065148	0.25994447	0.26888227	0.277474	0.28578633	0.29394868	0.30196118	0.3098238	0.31753653	0.3224025
0.45030773	0.41899192	0.39058822	0.36483076	0.3414729	0.32028493	0.30105373	0.2835831	0.26769382	0.2532233	0.24002518	0.22796816	0.21695969	0.20706484	0.19778986	0.18913487	0.18109979	0.17368461	0.16688938	0.16067205	0.15497953	0.14968677	0.14468732	0.1399812	0.13556838	0.13144891	0.12762274	0.12408099	0.12076696	0.11765645
0.86963993	0.83773726	0.80495906	0.7715446	0.737847	0.7042385	0.6710591	0.6385935	0.60706365	0.5766326	0.54740995	0.51946145	0.49282932	0.46758902	0.443535	0.42066723	0.3989858	0.37849066	0.35918173	0.3409692	0.32385325	0.30766118	0.2922372	0.2775813	0.2636935	0.25057378	0.23822218	0.22661027	0.21562248	0.20521593
0.0	0.113624565	0.20421787	0.27614093	0.33296758	0.37762114	0.4124835	0.4394879	0.4601963	0.475869	0.48751897	0.49595794	0.5017456	0.50475645	0.5069375	0.5082888	0.5088103	0.508502	0.507364	0.5054278	0.5029586	0.5002306	0.4974552	0.49463242	0.4917622	0.4888445	0.4858794	0.48285925	0.4798457	0.47687545
0.0	0.014753371	0.04923258	0.09297206	0.13955632	0.18521559	0.22787926	0.2665482	0.30087945	0.33091238	0.35689792	0.37919512	0.39807925	0.41310716	0.42649767	0.43825066	0.44836625	0.4568444	0.46368513	0.4690239	0.47305092	0.4762193	0.4789345	0.48119655	0.48300537	0.48436102	0.4852635	0.48572105	0.4858838	0.48582596
0.0	0.0006998571	0.0047543673	0.013679463	0.027752567	0.04657755	0.069439515	0.095515944	0.12399828	0.15415259	0.18534738	0.21705708	0.24891472	0.2810021	0.31215313	0.34236783	0.37164608	0.39998803	0.42739365	0.45394173	0.47946844	0.5039802	0.5274976	0.55002046	0.5715489	0.5920828	0.6116223	0.6302104	0.64794886	0.6648638
0.0	0.034011807	0.06895699	0.10458061	0.14050604	0.17633647	0.21170938	0.24632134	0.27993557	0.31237856	0.34353316	0.37332943	0.40172222	0.4286312	0.4542755	0.47865504	0.5017699	0.52362007	0.5442055	0.56362206	0.58186954	0.5991321	0.6155758	0.6312006	0.64600664	0.65999365	0.67316186	0.68554145	0.6972557	0.70835024
1.0	0.93568295	0.8816946	0.8363765	0.7983182	0.7663275	0.7394025	0.7167083	0.697549	0.6813493	0.6676304	0.65599453	0.64611393	0.63771284	0.6305848	0.62442744	0.6191879	0.61476433	0.61098677	0.60775846	0.6049986	0.6026376	0.6006172	0.59888774	0.59740686	0.5961384	0.5950518	0.59412104	0.59332323	0.5926393
0.60044265	0.53494686	0.47313043	0.41574	0.36327335	0.31592956	0.27365807	0.23622936	0.20330653	0.17449404	0.14938115	0.12755962	0.108645655	0.092284955	0.07817225	0.06586235	0.055283334	0.046258315	0.03849289	0.031813536	0.026071515	0.021136638	0.016896473	0.013254547	0.010126818	0.0074409107	0.005135436	0.0031566336	0.0014579376	0.0
0.0	0.23324354	0.40598336	0.5347695	0.63150924	0.7047731	0.76074404	0.80387896	0.8374261	0.86373633	0.88455045	0.9011506	0.91448337	0.925272	0.93397874	0.94127065	0.94727755	0.952171	0.9562393	0.9596353	0.96247953	0.9648696	0.9668834	0.9685839	0.97002316	0.9712436	0.9722797	0.9731607	0.97391087	0.9745503
0.0	0.031082235	0.09857235	0.17812009	0.257464	0.33093858	0.3963619	0.45335087	0.50235	0.5441764	0.5797262	0.60988396	0.6354452	0.65710896	0.6754089	0.69116175	0.70451564	0.715745	0.72529984	0.73343855	0.74037594	0.7462943	0.7513472	0.7556631	0.75935197	0.7625067	0.76520497	0.76751375	0.76949054	0.77118325
0.0	0.0011798906	0.0072870883	0.01915326	0.03566909	0.055215213	0.07627759	0.097657464	0.11849524	0.13823222	0.15653558	0.173245	0.18831915	0.20178841	0.21376245	0.22439106	0.23368461	0.24175468	0.24878791	0.25490308	0.26020837	0.26480296	0.26877666	0.27220872	0.27517012	0.27772343	0.27992263	0.28181574	0.2834449	0.28484616
0.0	0.069825836	0.13572903	0.19691366	0.25284898	0.30332273	0.3483889	0.38829207	0.4233915	0.4541088	0.48088196	0.50414616	0.5243105	0.5417529	0.5567986	0.5699223	0.5812007	0.5908224	0.5991012	0.6062222	0.6123438	0.617605	0.62212545	0.6260081	0.6293426	0.6322061	0.634664	0.6367736	0.6385846	0.6401389
0.3640165	0.3507069	0.33817536	0.3263775	0.31527144	0.30481744	0.29497752	0.28571558	0.2769971	0.2687893	0.26106098	0.2537827	0.24692656	0.2404662	0.23437685	0.22863522	0.22321944	0.21810909	0.21328497	0.20872916	0.2044249	0.20035653	0.1965095	0.19287026	0.18942614	0.18616521	0.18307638	0.18014933	0.17736478	0.1747424
0.4359856	0.4228495	0.40968573	0.39651397	0.38336578	0.3702794	0.3572952	0.34445322	0.33179125	0.31934342	0.30713993	0.2952063	0.28356382	0.27222937	0.26121596	0.25053295	0.2401865	0.23017958	0.22051305	0.21118572	0.2021945	0.19353458	0.18520011	0.17718408	0.1694789	0.16207659	0.15496857	0.14814588	0.1415801	0.13531743
0.0	0.049803056	0.093852475	0.13280624	0.1672478	0.19769517	0.22460839	0.24839567	0.26941943	0.28800052	0.30442315	0.31893912	0.3317704	0.34311292	0.3531406	0.36200646	0.36984536	0.37677535	0.38290167	0.3883178	0.39310545	0.39733624	0.4010738	0.4043733	0.40728468	0.4098526	0.41211647	0.41411054	0.41587728	0.4174047
0.0	0.0033253152	0.011993644	0.02438682	0.039264847	0.055684686	0.07293515	0.090488024	0.107954726	0.12505786	0.14160402	0.15746261	0.17255396	0.18683548	0.20028877	0.21291703	0.2247382	0.23578027	0.24607629	0.2556627	0.2645794	0.27286804	0.28056863	0.28772053	0.2943615	0.30052748	0.3062528	0.31157005	0.31653276	0.32110086
0.0	7.804523e-5	0.0005649003	0.0017274083	0.0037150243	0.006592252	0.01036387	0.014993201	0.020417504	0.026557494	0.03332572	0.040632594	0.04838922	0.056510687	0.064918004	0.073538415	0.08230593	0.09116215	0.10005517	0.10893934	0.117775306	0.12652934	0.13517301	0.14368299	0.15203926	0.16022508	0.16822708	0.17603508	0.18365814	0.19104423
0.0	0.014004549	0.028038578	0.042081177	0.056098573	0.07005015	0.08389277	0.09758371	0.11108281	0.12435356	0.13736387	0.15008645	0.16249862	0.17458244	0.18632396	0.19771323	0.20874372	0.21941221	0.22971782	0.23966177	0.24924743	0.25847986	0.26736534	0.27591133	0.2841259	0.2920176	0.2995955	0.3068693	0.31386915	0.32054585
0.90294266	0.8626371	0.8272974	0.7963174	0.7691611	0.7453544	0.7244787	0.70616627	0.6900944	0.6759808	0.66358006	0.652677	0.6430846	0.6346408	0.6272038	0.62064946	0.6148696	0.60977083	0.6052716	0.6012989	0.59780264	0.59468687	0.5919104	0.58947337	0.5873366	0.58544695	0.5837752	0.5822961	0.580987	0.57982826
0.4605314	0.4202882	0.38198343	0.34581932	0.31196046	0.28050658	0.25148982	0.22488254	0.20061085	0.17856638	0.15861824	0.14062393	0.12443377	0.10989878	0.09687464	0.085222594	0.0748106	0.065517865	0.05723289	0.049852274	0.043297168	0.037418135	0.032155715	0.027509866	0.023413584	0.019775841	0.016545458	0.013677634	0.011132375	0.008873682
0.0	0.14907697	0.2691751	0.3663111	0.4452054	0.50956774	0.5623195	0.60575813	0.64170164	0.6715859	0.6965448	0.7174894	0.7351431	0.750082	0.7627736	0.7736001	0.7828673	0.7908233	0.79767317	0.8035898	0.80867904	0.81314075	0.8170699	0.82046646	0.82339925	0.82596284	0.82820755	0.83017546	0.8319026	0.83342016
0.0	0.013686272	0.045914024	0.0872863	0.13205045	0.1767896	0.2195609	0.25936228	0.2957481	0.32862642	0.35810244	0.38437834	0.40771767	0.4283969	0.44668663	0.46284485	0.4771137	0.48970816	0.5008219	0.5106297	0.51925427	0.5269335	0.5337709	0.53976667	0.54501855	0.5496585	0.5537598	0.5573857	0.56059176	0.5634275
0.0	0.00037776402	0.002477423	0.0068893055	0.013523093	0.021981573	0.031770747	0.042405892	0.05346537	0.06460457	0.07556045	0.0861385	0.09620523	0.10567702	0.11450602	0.12267214	0.1301793	0.13704517	0.14329651	0.14896642	0.15409338	0.15874897	0.16295278	0.1667048	0.17004795	0.17304032	0.17571594	0.17810571	0.18023801	0.18213908
0.0	0.04290376	0.08374093	0.122295894	0.15839322	0.1919266	0.22286168	0.251228	0.27710435	0.30060622	0.3218732	0.34105712	0.3583176	0.37381354	0.38769874	0.40012112	0.41122147	0.42112857	0.42996126	0.43782985	0.44481832	0.451086	0.45669636	0.46164933	0.46601644	0.46989468	0.47333863	0.47639605	0.47910956	0.4815176
0.20868859	0.18751733	0.16857202	0.15161553	0.1364306	0.122818984	0.110601105	0.09961572	0.08971915	0.08078428	0.07269906	0.06536534	0.058697037	0.05272207	0.0472179	0.042085566	0.037325066	0.032936398	0.028919555	0.02525842	0.02191851	0.018838093	0.015920665	0.013166224	0.01057477	0.008146313	0.0058808345	0.0037783438	0.001829788	0.0
0.61323726	0.59137726	0.5687226	0.54555386	0.5221962	0.49895823	0.4761034	0.4538394	0.43231863	0.4116451	0.39188236	0.373061	0.3551882	0.33833656	0.32235876	0.30717814	0.29279473	0.2792085	0.26641944	0.2543847	0.24309485	0.23246032	0.22230448	0.21262729	0.20342878	0.19470894	0.18646775	0.17870525	0.17138664	0.1644385
0.0	0.075693704	0.13326494	0.17666712	0.20903242	0.23283151	0.25000408	0.26206565	0.2701969	0.27531418	0.27812982	0.27919245	0.27893022	0.27738047	0.27526432	0.27287483	0.27021196	0.26727572	0.26406616	0.26057735	0.25695103	0.2533	0.24972884	0.2462376	0.24282625	0.2394948	0.23624322	0.23307155	0.22996247	0.22694245
0.0	0.012363153	0.040989384	0.07686542	0.11453747	0.15087336	0.18422063	0.21384852	0.23957108	0.26151937	0.2799801	0.2953175	0.3079093	0.31752095	0.32535946	0.33198503	0.33739766	0.34159744	0.34458423	0.34641454	0.3472633	0.3474156	0.34730867	0.34694245	0.34631705	0.34543237	0.34428847	0.34288535	0.34122115	0.3394257
0.0	0.00053498655	0.0036206215	0.010375255	0.020961722	0.035035793	0.052024614	0.07128925	0.09221704	0.114261925	0.1369635	0.15994643	0.18291213	0.2058152	0.22820227	0.24989109	0.27088162	0.29117388	0.3107679	0.32971194	0.3479081	0.36535403	0.3821313	0.39823994	0.41367987	0.42845106	0.44255364	0.45598754	0.46881258	0.48108658
0.0	0.023305226	0.047457576	0.07215805	0.09706004	0.12183425	0.14620003	0.169936	0.19287951	0.21491978	0.2359891	0.25605476	0.27510917	0.2930749	0.31010902	0.32629323	0.34162757	0.35611203	0.36974657	0.38257697	0.3946132	0.40595078	0.41677806	0.42709503	0.4369017	0.446198	0.454984	0.4632597	0.47106215	0.47846964
0.9868101	0.9296902	0.8797659	0.83614534	0.7980352	0.7647305	0.73560745	0.71011895	0.6877867	0.66819686	0.6509898	0.63585556	0.6225282	0.6107762	0.6004772	0.59125954	0.583016	0.5757462	0.5693884	0.5637765	0.5587209	0.5542209	0.5502645	0.54675406	0.5436288	0.5408451	0.53836435	0.53615284	0.53418076	0.53242135
0.7471163	0.6892802	0.6328476	0.5783778	0.5264296	0.4774402	0.4316911	0.38931713	0.35033312	0.3146624	0.28216824	0.25267106	0.22596967	0.20185535	0.18017133	0.16047823	0.1426669	0.12673733	0.11258036	0.099907584	0.088421375	0.07812107	0.06898273	0.060816605	0.053503305	0.046954934	0.041092113	0.03584385	0.031146321	0.026941894
0.0	0.20844989	0.3710671	0.49823284	0.5979644	0.6764515	0.73846614	0.78768116	0.82692456	0.8583661	0.8836919	0.9041945	0.92087185	0.9345147	0.9454565	0.9547316	0.96266925	0.96926934	0.97463477	0.9790572	0.98291975	0.9862234	0.98898417	0.99133265	0.99334866	0.9950852	0.9965857	0.99788594	0.9990157	1.0
0.0	0.024742085	0.08085699	0.15004778	0.222028	0.29131308	0.35524055	0.41277134	0.4637624	0.5085414	0.54763776	0.5816746	0.6112629	0.6369733	0.6590706	0.67858577	0.6958418	0.7108386	0.72373927	0.7349336	0.7449357	0.7537467	0.76139635	0.76811343	0.77403885	0.7792726	0.7839011	0.78799844	0.79162914	0.7948495
0.0	0.0010174734	0.0065903515	0.018118773	0.035198964	0.056685057	0.081251234	0.10766165	0.13487878	0.16209319	0.18870029	0.21427701	0.23854795	0.26134047	0.28267795	0.30249116	0.32071328	0.33734438	0.35245657	0.3662464	0.3788483	0.39026254	0.4005094	0.40975058	0.41808978	0.42560673	0.43237635	0.438468	0.4439455	0.44886798
0.0	0.061659787	0.121823214	0.1798942	0.23527674	0.2875049	0.33627856	0.38145396	0.42301527	0.46104422	0.49568665	0.52713394	0.5556006	0.5813092	0.6044268	0.6254218	0.6444106	0.66139334	0.6764863	0.68999684	0.70224243	0.7132237	0.72296625	0.7316722	0.73946905	0.7464503	0.75270075	0.75829595	0.76330405	0.76778644
0.7816621	0.7076276	0.64529073	0.59278655	0.5485015	0.51105714	0.4792943	0.4522503	0.4291332	0.409505	0.3922773	0.3772246	0.36432767	0.35324997	0.3434478	0.33480227	0.32729432	0.32071242	0.31490585	0.30977327	0.3052284	0.30119798	0.29761848	0.2944352	0.29160112	0.2890756	0.28682268	0.28481114	0.28301382	0.28140685
0.9730927	0.89545715	0.81773746	0.7418431	0.6694761	0.601794	0.53941274	0.4825283	0.43104792	0.38479802	0.34298477	0.3054584	0.27217647	0.24262595	0.21602434	0.19220348	0.17112257	0.15235503	0.13559362	0.12061752	0.10723031	0.09525852	0.08454756	0.07495998	0.06637456	0.058684222	0.051792715	0.045614537	0.04007431	0.035104733
0.0	0.2608705	0.44210494	0.5675722	0.6541217	0.71356887	0.7541482	0.78158885	0.79986525	0.8109394	0.8185964	0.8236304	0.8260503	0.82653475	0.8262386	0.8254092	0.82406217	0.82242876	0.82066923	0.8188659	0.8170748	0.8153333	0.8136665	0.8120894	0.8106098	0.8092314	0.8079544	0.80677646	0.8056937	0.8047015
0.0	0.049586516	0.15177236	0.26529726	0.3719209	0.4649251	0.5430448	0.6073446	0.65971625	0.70115554	0.73575145	0.76444036	0.78729504	0.80536526	0.82050514	0.8331689	0.843412	0.85182863	0.85883266	0.86468774	0.8696039	0.87374836	0.8772575	0.88024104	0.882787	0.8849671	0.8868413	0.88845795	0.8898567	0.8910706
0.0	0.002981313	0.018346006	0.048095267	0.089445844	0.13845938	0.19153145	0.24585345	0.2994361	0.35147023	0.40036228	0.44572592	0.48759773	0.5261476	0.5615046	0.5936781	0.6227054	0.6489466	0.6726682	0.6940856	0.71340483	0.7308187	0.74650615	0.76063347	0.7733515	0.7847974	0.7950967	0.8043638	0.812701	0.8202011
0.0	0.08276816	0.16562606	0.24653792	0.32368916	0.39584592	0.46235132	0.5229965	0.5778802	0.62718785	0.67176545	0.71177274	0.747255	0.7787591	0.8071195	0.8325151	0.85498977	0.87499803	0.89286757	0.90883374	0.923106	0.9358693	0.94728845	0.9575099	0.9666628	0.97486156	0.9822087	0.98879534	0.99470186	1.0
0.29569998	0.27421534	0.2544708	0.23632784	0.21965687	0.20433553	0.19024882	0.17728911	0.1653563	0.15435797	0.1442093	0.13483281	0.12615804	0.11814429	0.11079366	0.10386122	0.09734695	0.09125086	0.08557292	0.08031228	0.075406544	0.07090759	0.06662866	0.06255458	0.058685403	0.055021096	0.051561657	0.0483071	0.045257412	0.042390365
0.84222525	0.820386	0.7977311	0.7743692	0.7504971	0.72634315	0.7021336	0.6780737	0.6543386	0.6310708	0.6083815	0.5863528	0.5650424	0.5444949	0.52476174	0.50578016	0.48755023	0.47007185	0.45334506	0.43736553	0.4220641	0.40758166	0.3936565	0.38026682	0.36741263	0.355094	0.34331083	0.33206314	0.321351	0.31111178
0.0	0.07812122	0.14149058	0.1926203	0.23361975	0.26625746	0.29201168	0.31211275	0.3275823	0.33926395	0.34785515	0.35392877	0.35795534	0.36023057	0.36085868	0.36085954	0.36023322	0.3589796	0.3570988	0.3545869	0.35160756	0.34818354	0.34469825	0.34118155	0.33763352	0.33405417	0.3304434	0.32680136	0.3231279	0.31941858
0.0	0.009805463	0.033187218	0.06347302	0.096359745	0.12916228	0.16028778	0.18887103	0.21451353	0.23712048	0.25677148	0.27365053	0.2879966	0.29994532	0.30943817	0.31768972	0.32470003	0.33046907	0.33499688	0.33828506	0.34059182	0.34174374	0.34250084	0.34292442	0.34301454	0.34277117	0.34219426	0.3412839	0.34004003	0.33849505
0.0	0.00045065588	0.0031200403	0.009141649	0.018870784	0.032198902	0.048762724	0.06807931	0.089633	0.112922415	0.13749002	0.16293418	0.18891034	0.21519373	0.24168721	0.2676941	0.29321432	0.31824806	0.34279516	0.3668632	0.39040866	0.41326773	0.43543753	0.45691928	0.47771296	0.49781856	0.5172361	0.5359656	0.55400705	0.57144594
0.0	0.023283055	0.04743574	0.07234208	0.09779239	0.123543195	0.1493533	0.17500384	0.20030814	0.2251142	0.24930349	0.27278855	0.29550788	0.31741375	0.3384515	0.35868797	0.37812316	0.39675707	0.41458967	0.43162563	0.4479387	0.46337858	0.47822437	0.49249926	0.50620323	0.5193363	0.53189844	0.54388976	0.55531013	0.56622624
0.35141048	0.32379046	0.29878774	0.27615678	0.25567007	0.23711608	0.22029938	0.20504065	0.19117679	0.17856058	0.16706003	0.15655719	0.14704113	0.13834082	0.13020784	0.12264219	0.1156439	0.10921296	0.10333265	0.09794601	0.09299239	0.08829749	0.08386129	0.07968381	0.07576504	0.072105	0.06870366	0.06555096	0.06259216	0.05980694
0.8422226	0.8139421	0.7846704	0.75465035	0.7242317	0.6937804	0.6636293	0.6340562	0.6052779	0.5774535	0.5506908	0.52505594	0.5006246	0.477375	0.45520425	0.43411234	0.41409928	0.39516503	0.37726915	0.36039174	0.3444815	0.32927135	0.3147614	0.30095157	0.28784192	0.27543238	0.263723	0.25267452	0.24218036	0.23220693
0.0	0.09969495	0.17808531	0.23934543	0.2868743	0.32343185	0.35124943	0.3721234	0.38749254	0.3985087	0.40608844	0.41096154	0.41336033	0.4140631	0.41402683	0.41325155	0.41173723	0.4094839	0.406494	0.4030032	0.39920327	0.39540714	0.39161476	0.3878261	0.38404125	0.38026014	0.37648278	0.37268934	0.3689439	0.36527967
0.0	0.014048883	0.046690915	0.087798335	0.13121541	0.17337266	0.2123523	0.24726866	0.2778623	0.30422956	0.32666132	0.34554037	0.36079618	0.37317863	0.38390982	0.3929897	0.40041822	0.40619546	0.41037774	0.41320705	0.4149319	0.4162576	0.41718414	0.4177115	0.4178397	0.41756877	0.41689867	0.41582504	0.4145168	0.41304865
0.0	0.00068097527	0.0046235174	0.013294956	0.0269561	0.04521454	0.06737155	0.09262817	0.12020207	0.14938658	0.17957595	0.21026719	0.2412814	0.27210724	0.3021302	0.3313503	0.3597674	0.38738167	0.41423455	0.4401862	0.46515888	0.48920268	0.5123177	0.5345038	0.55576116	0.5760896	0.59548926	0.6140285	0.6317881	0.64878136
0.0	0.030150207	0.06135702	0.09336182	0.12579148	0.15825595	0.19040044	0.22192867	0.25260955	0.28227344	0.3108054	0.33813512	0.36418167	0.3889683	0.41260478	0.4350911	0.45642728	0.4766133	0.49569234	0.5136855	0.53064764	0.5468633	0.5623326	0.5770554	0.5910318	0.6042617	0.6167452	0.6285241	0.63971204	0.65034485
0.2594903	0.24663812	0.23461258	0.22336142	0.2128353	0.20298736	0.19377321	0.18515064	0.17707968	0.16952267	0.16244404	0.1558105	0.14959091	0.1437561	0.13827902	0.13313451	0.12829915	0.12375128	0.11947086	0.115439355	0.11163972	0.108056046	0.10467364	0.10147898	0.0984515	0.09549295	0.09260329	0.0897825	0.0870306	0.085586965
0.45087126	0.4380835	0.42514676	0.41209376	0.39897332	0.38584182	0.3727575	0.35977656	0.34695068	0.3343256	0.3219407	0.30982855	0.2980156	0.28652224	0.27536348	0.26454955	0.25408697	0.24397847	0.23422384	0.2248203	0.21576318	0.20704646	0.1986629	0.19060399	0.18280713	0.17515092	0.16763529	0.16026025	0.15302579	0.14846155
0.0	0.047703814	0.08891853	0.12448849	0.15515159	0.18155304	0.20425647	0.22375388	0.24047379	0.25478917	0.26702425	0.2774597	0.2863397	0.29387552	0.30024964	0.30561948	0.31012255	0.31387767	0.3169866	0.31953743	0.32160616	0.3232599	0.32455692	0.32554647	0.3262186	0.3268157	0.3273379	0.3277852	0.32815757	0.3271076
0.0	0.004015538	0.014310124	0.028756687	0.045771874	0.06419047	0.08316749	0.102101155	0.120575026	0.1383106	0.15513124	0.1709383	0.18568534	0.1993647	0.21199748	0.22362298	0.23428963	0.24405341	0.25297526	0.26111567	0.2685345	0.27528897	0.2814337	0.28702068	0.29206336	0.29692566	0.30160785	0.30610985	0.3104317	0.31133193
0.0	0.00010700801	0.0007686248	0.002332793	0.0049804025	0.008775056	0.013700608	0.0196892	0.026641399	0.03444111	0.042966306	0.052095085	0.06171132	0.07170713	0.08198409	0.09245429	0.10303994	0.113673374	0.1242962	0.13485913	0.14532058	0.1556452	0.16580373	0.1757731	0.18564741	0.1953973	0.20502275	0.21452375	0.22390027	0.2309129
0.0	0.013633184	0.027425202	0.041341137	0.055328995	0.069328636	0.08327797	0.09711712	0.11079097	0.12425068	0.13745439	0.15036727	0.16296123	0.17521444	0.1871109	0.19863972	0.20979403	0.22057082	0.23097037	0.24099559	0.25065148	0.25994447	0.26888227	0.277474	0.28578633	0.29394868	0.30196118	0.3098238	0.31753653	0.3224025
0.45030773	0.41899192	0.39058822	0.36483076	0.3414729	0.32028493	0.30105373	0.2835831	0.26769382	0.2532233	0.24002518	0.22796816	0.21695969	0.20706484	0.19778986	0.18913487	0.18109979	0.17368461	0.16688938	0.16067205	0.15497953	0.14968677	0.14468732	0.1399812	0.13556838	0.13144891	0.12762274	0.12408099	0.12076696	0.11765645
0.86963993	0.83773726	0.80495906	0.7715446	0.737847	0.7042385	0.6710591	0.6385935	0.60706365	0.5766326	0.54740995	0.51946145	0.49282932	0.46758902	0.443535	0.42066723	0.3989858	0.37849066	0.35918173	0.3409692	0.32385325	0.30766118	0.2922372	0.2775813	0.2636935	0.25057378	0.23822218	0.22661027	0.21562248	0.20521593
0.0	0.113624565	0.20421787	0.27614093	0.33296758	0.37762114	0.4124835	0.4394879	0.4601963	0.475869	0.48751897	0.49595794	0.5017456	0.50475645	0.5069375	0.5082888	0.5088103	0.508502	0.507364	0.5054278	0.5029586	0.5002306	0.4974552	0.49463242	0.4917622	0.4888445	0.4858794	0.48285925	0.4798457	0.47687545
0.0	0.014753371	0.04923258	0.09297206	0.13955632	0.18521559	0.22787926	0.2665482	0.30087945	0.33091238	0.35689792	0.37919512	0.39807925	0.41310716	0.42649767	0.43825066	0.44836625	0.4568444	0.46368513	0.4690239	0.47305092	0.4762193	0.4789345	0.48119655	0.48300537	0.48436102	0.4852635	0.48572105	0.4858838	0.48582596
0.0	0.0006998571	0.0047543673	0.013679463	0.027752567	0.04657755	0.069439515	0.095515944	0.12399828	0.15415259	0.18534738	0.21705708	0.24891472	0.2810021	0.31215313	0.34236783	0.37164608	0.39998803	0.42739365	0.45394173	0.47946844	0.5039802	0.5274976	0.55002046	0.5715489	0.5920828	0.6116223	0.6302104	0.64794886	0.6648638
0.0	0.034011807	0.06895699	0.10458061	0.14050604	0.17633647	0.21170938	0.24632134	0.27993557	0.31237856	0.34353316	0.37332943	0.40172222	0.4286312	0.4542755	0.47865504	0.5017699	0.52362007	0.5442055	0.56362206	0.58186954	0.5991321	0.6155758	0.6312006	0.64600664	0.65999365	0.67316186	0.68554145	0.6972557	0.70835024
1.0	0.93568295	0.8816946	0.8363765	0.7983182	0.7663275	0.7394025	0.7167083	0.697549	0.6813493	0.6676304	0.65599453	0.64611393	0.63771284	0.6305848	0.62442744	0.6191879	0.61476433	0.61098677	0.60775846	0.6049986	0.6026376	0.6006172	0.59888774	0.59740686	0.5961384	0.5950518	0.59412104	0.59332323	0.5926393
0.60044265	0.53494686	0.47313043	0.41574	0.36327335	0.31592956	0.27365807	0.23622936	0.20330653	0.17449404	0.14938115	0.12755962	0.108645655	0.092284955	0.07817225	0.06586235	0.055283334	0.046258315	0.03849289	0.031813536	0.026071515	0.021136638	0.016896473	0.013254547	0.010126818	0.0074409107	0.005135436	0.0031566336	0.0014579376	0.0
0.0	0.23324354	0.40598336	0.5347695	0.63150924	0.7047731	0.76074404	0.80387896	0.8374261	0.86373633	0.88455045	0.9011506	0.91448337	0.925272	0.93397874	0.94127065	0.94727755	0.952171	0.9562393	0.9596353	0.96247953	0.9648696	0.9668834	0.9685839	0.97002316	0.9712436	0.9722797	0.9731607	0.97391087	0.9745503
0.0	0.031082235	0.09857235	0.17812009	0.257464	0.33093858	0.3963619	0.45335087	0.50235	0.5441764	0.5797262	0.60988396	0.6354452	0.65710896	0.6754089	0.69116175	0.70451564	0.715745	0.72529984	0.73343855	0.74037594	0.7462943	0.7513472	0.7556631	0.75935197	0.7625067	0.76520497	0.76751375	0.76949054	0.77118325
0.0	0.0011798906	0.0072870883	0.01915326	0.03566909	0.055215213	0.07627759	0.097657464	0.11849524	0.13823222	0.15653558	0.173245	0.18831915	0.20178841	0.21376245	0.22439106	0.23368461	0.24175468	0.24878791	0.25490308	0.26020837	0.26480296	0.26877666	0.27220872	0.27517012	0.27772343	0.27992263	0.28181574	0.2834449	0.28484616
0.0	0.069825836	0.13572903	0.19691366	0.25284898	0.30332273	0.3483889	0.38829207	0.4233915	0.4541088	0.48088196	0.50414616	0.5243105	0.5417529	0.5567986	0.5699223	0.5812007	0.5908224	0.5991012	0.6062222	0.6123438	0.617605	0.62212545	0.6260081	0.6293426	0.6322061	0.634664	0.6367736	0.6385846	0.6401389
