1.7155317	1.5550498	1.424989	1.3194633	1.2336141	1.1635002	1.1059748	1.0585469	1.0192564	0.9867735	0.9590565	0.9359051	0.9167252	0.9003078	0.8864136	0.8747415	0.86480916	0.85634136	0.84911054	0.8429275	0.8376335	0.8330963	0.8292043	0.8258625	0.8229914	0.8205236	0.81840116	0.8165746	0.8150023	0.8136485
1.6723914	1.4951202	1.3227206	1.1603619	1.0115663	0.87794966	0.75968194	0.65603656	0.5658142	0.48769328	0.41944584	0.36087257	0.31087857	0.2674016	0.23005228	0.1981822	0.17075184	0.14713956	0.12681045	0.10930534	0.09422771	0.08123955	0.070049696	0.060405944	0.05209374	0.044929735	0.03875358	0.033427704	0.028835358	0.024875054
0.0	0.1452774	0.24074373	0.3035837	0.3450667	0.37254286	0.39079195	0.40293187	0.4110009	0.41611493	0.4198001	0.42221183	0.4235875	0.42448473	0.42501825	0.42526513	0.42535067	0.42533332	0.42525265	0.42513558	0.42500022	0.4248583	0.42471755	0.42458272	0.42445657	0.42434046	0.424235	0.42414004	0.42405522	0.42397988
0.0	0.013619915	0.040470056	0.06900843	0.09479459	0.11656711	0.13437745	0.14873575	0.16024713	0.16934684	0.17687999	0.18293738	0.1877317	0.19171257	0.19497888	0.19763124	0.19982676	0.2016526	0.2031773	0.2044554	0.20553066	0.20643787	0.20720547	0.2078567	0.2084103	0.2088817	0.20928393	0.20962764	0.2099217	0.21017356
0.0	0.0015846755	0.009328982	0.02347633	0.042056426	0.06292158	0.084387556	0.105317175	0.12502736	0.14329652	0.1597952	0.17447743	0.18748733	0.19902666	0.20912105	0.21789388	0.22554514	0.23220447	0.23799124	0.24301323	0.2473674	0.25113928	0.25440443	0.2572298	0.2596735	0.26178595	0.26361167	0.26518947	0.2665525	0.2677298
0.0	0.17727125	0.34967077	0.5120296	0.66082513	0.7944418	0.91270953	1.0163549	1.1065773	1.1846981	1.2529457	1.3115189	1.3615129	1.4049898	1.4423392	1.4742093	1.5016396	1.5252519	1.545581	1.5630862	1.5781637	1.591152	1.6023418	1.6119856	1.6202977	1.6274617	1.6336379	1.6389637	1.6435561	1.6475164
1.8748629	1.8296062	1.7870817	1.7471322	1.7096099	1.6743754	1.641296	1.6102453	1.5811027	1.5537534	1.5280881	1.5040033	1.4814008	1.4601879	1.440277	1.4215857	1.4040369	1.3875577	1.37208	1.3575397	1.3438773	1.3310374	1.3189677	1.3076193	1.2969464	1.2869081	1.2773482	1.2680435	1.2589943	1.2522725
1.2526431	1.2062131	1.1602596	1.1148071	1.0699292	1.0257249	0.9823031	0.9397721	0.8982322	0.8577721	0.81846637	0.78037494	0.7435432	0.7080032	0.67377424	0.64086384	0.6092701	0.5789833	0.5499864	0.5222556	0.49576274	0.47047535	0.44635898	0.42337728	0.40149188	0.38066357	0.36060858	0.34101683	0.32188836	0.30698085
0.0	0.04413938	0.08357886	0.118836045	0.15036966	0.17858751	0.20385252	0.22648804	0.24678189	0.26499036	0.28134158	0.29603806	0.3092598	0.3211672	0.3319022	0.34159037	0.3503433	0.358261	0.36543176	0.37193352	0.37783557	0.38319883	0.38807845	0.39252397	0.3965793	0.40028116	0.40370616	0.4070067	0.4101828	0.41222498
0.0	0.0010615393	0.0038023782	0.0076843444	0.012305923	0.017369313	0.022655696	0.02800578	0.033306036	0.03847695	0.043464497	0.04823456	0.05276681	0.05705082	0.061084677	0.064871624	0.068418436	0.07173391	0.074828796	0.0777153	0.0804054	0.08291127	0.08524473	0.08741719	0.08943971	0.09132252	0.093097635	0.094818614	0.09648545	0.09765897
0.0	5.5873857e-5	0.00039999056	0.0012104234	0.0025774797	0.004530725	0.0070587094	0.010123819	0.013672318	0.017642256	0.021968724	0.026587015	0.03143551	0.03645702	0.041599113	0.04681523	0.0520643	0.05731034	0.06252246	0.06767448	0.07274468	0.07771547	0.08257209	0.08730251	0.09189752	0.096351124	0.10071105	0.104994126	0.10920037	0.11270646
0.0	0.04643008	0.092383586	0.13783601	0.18271394	0.22691831	0.27034006	0.31287104	0.35441092	0.39487103	0.43417677	0.47226822	0.50909996	0.5446399	0.57886887	0.61177933	0.6433731	0.6736598	0.70265675	0.73038757	0.7568804	0.7821678	0.8062842	0.8292659	0.8511513	0.8719796	0.8920346	0.91162634	0.9307548	0.9456623
0.8747139	0.84447575	0.81576353	0.7885043	0.76262873	0.73806995	0.7147631	0.692645	0.6716543	0.6517313	0.6328185	0.61486053	0.59780407	0.5815984	0.5661949	0.55154765	0.537613	0.52440757	0.5119277	0.49992836	0.48840937	0.4773708	0.46681267	0.45673493	0.4471376	0.4380165	0.4292979	0.42095828	0.41296223	0.40530017
1.9127856	1.8813992	1.8492056	1.8161682	1.7823395	1.7478279	1.7127733	1.6773303	1.641655	1.6058987	1.5702024	1.5346928	1.4994832	1.4646714	1.4303404	1.3965597	1.3633869	1.330859	1.2990246	1.2679356	1.237592	1.2079937	1.1791408	1.1510333	1.123671	1.0970435	1.0711079	1.0459005	1.0213971	0.99759054
0.0	0.029168546	0.054887254	0.077524506	0.09741132	0.11484576	0.13009618	0.143404	0.15498608	0.16503681	0.17373021	0.18122156	0.18764937	0.19313708	0.19779423	0.20171791	0.20499474	0.20762424	0.20963651	0.21136747	0.21281718	0.21398558	0.2148727	0.21547854	0.2158031	0.21584664	0.21568348	0.21536103	0.21491276	0.21434748
0.0	0.0009908777	0.003496691	0.0069624465	0.010986758	0.015282597	0.01964777	0.02394331	0.028076034	0.03198735	0.03564235	0.039024085	0.04212826	0.04495819	0.04752327	0.04983701	0.051914394	0.053743884	0.055324424	0.05677166	0.05808558	0.05926619	0.060313497	0.06122749	0.062008172	0.06265678	0.06320322	0.06365967	0.064040974	0.064351134
0.0	7.8748926e-5	0.0005664533	0.0017226787	0.0036871128	0.0065156026	0.0102068605	0.01472159	0.019997517	0.025958449	0.032522816	0.039607722	0.04713218	0.055020254	0.06320151	0.07161134	0.08019177	0.08893824	0.09782524	0.10664642	0.115401775	0.12409132	0.13271505	0.14127296	0.14976504	0.15819398	0.16652931	0.17473494	0.18279795	0.19071513
0.0	0.03138655	0.06357999	0.09661743	0.13044618	0.16495776	0.20001231	0.2354554	0.2711307	0.30688685	0.34258336	0.3780929	0.41330242	0.44811422	0.4824453	0.51622593	0.54939884	0.58192676	0.61376107	0.64485	0.67519367	0.7047919	0.73364484	0.76175237	0.7891146	0.81574214	0.84167784	0.8668851	0.8913886	0.9151951
0.77469873	0.7434965	0.71419823	0.686692	0.66087174	0.636636	0.61388755	0.5925329	0.57248247	0.5536511	0.5359577	0.5193257	0.5036829	0.48896164	0.47509846	0.46203437	0.4497142	0.43816814	0.42738482	0.41705889	0.40719035	0.39777926	0.38882557	0.3803293	0.37229043	0.36470902	0.3575578	0.3507538	0.34428057	0.33811048
1.5111983	1.4786253	1.4452465	1.4110913	1.3762789	1.3409773	1.3053766	1.2696697	1.2340398	1.1986544	1.1636608	1.1291844	1.0953304	1.0621834	1.0298096	0.998259	0.96756816	0.9377854	0.90894413	0.88096255	0.8538407	0.8275786	0.80217624	0.7776336	0.75395066	0.7311275	0.70910144	0.68782717	0.6673052	0.6475017
0.0	0.029920459	0.05568401	0.07782032	0.09679492	0.11301732	0.12684755	0.13860151	0.14855592	0.15695241	0.16400193	0.16988769	0.17476909	0.17878455	0.1820537	0.18467993	0.1867534	0.18826306	0.1892425	0.19003151	0.19063008	0.19103822	0.19125593	0.19128321	0.19112004	0.19076645	0.19022737	0.1895862	0.1888639	0.18807918
0.0	0.0011927319	0.004181561	0.008272531	0.012971611	0.017932367	0.022916654	0.027765892	0.032378376	0.036694225	0.040681656	0.044329803	0.04764133	0.05062722	0.053304564	0.055693872	0.057816535	0.05965262	0.061202493	0.062620714	0.06390729	0.06506221	0.06608548	0.066977106	0.06773708	0.06836541	0.06887112	0.069291115	0.06963345	0.069909796
0.0	8.904537e-5	0.00063489046	0.0019138511	0.004060445	0.0071129813	0.011046944	0.015798442	0.021281946	0.027400991	0.034057442	0.041155536	0.048605386	0.056325305	0.06424196	0.07229054	0.08041455	0.08861487	0.0968689	0.10498761	0.11297097	0.12081902	0.12853172	0.1361091	0.14355114	0.15085784	0.1580424	0.16506757	0.17192079	0.17859927
0.0	0.03257306	0.0659518	0.10010694	0.13491946	0.170221	0.2058217	0.24152862	0.2771585	0.31254384	0.34753758	0.38201392	0.41586792	0.4490149	0.48138872	0.5129393	0.5436301	0.57341295	0.6022542	0.63023573	0.6573576	0.6836197	0.70902205	0.73356473	0.7572476	0.7800708	0.80209684	0.8233712	0.8438932	0.8636966
1.5132843	1.4553232	1.4025671	1.35456	1.3108832	1.2711499	1.235003	1.2021137	1.17218	1.1449261	1.1201003	1.097474	1.0768405	1.0580131	1.0408218	1.0251144	1.0107538	0.9976164	0.9855903	0.9745741	0.9645625	0.95530236	0.9467121	0.9387915	0.9315407	0.9249528	0.9189255	0.9133721	0.9082388	0.90352565
1.1290406	1.0686893	1.0091853	0.950778	0.89377713	0.83848786	0.7851759	0.73405194	0.68526775	0.6389183	0.5950499	0.55366653	0.51473707	0.47820532	0.44399625	0.41201818	0.3821706	0.3543475	0.32844135	0.30434325	0.2820174	0.2611483	0.24164827	0.22351728	0.20675536	0.19134797	0.17711313	0.16389865	0.15161587	0.1402648
0.0	0.055701494	0.10247568	0.14179303	0.17488004	0.20276107	0.2262915	0.24618459	0.26303542	0.27733815	0.28950572	0.29988107	0.30874828	0.31634516	0.3228715	0.3284918	0.33334345	0.33754116	0.34118348	0.34435272	0.34704104	0.34942997	0.35158405	0.35350332	0.35518774	0.3566394	0.35790616	0.35903037	0.36004004	0.36093524
0.0	0.0021291797	0.007345056	0.014324272	0.022179855	0.030328484	0.03839627	0.046154007	0.05346918	0.060276207	0.06655018	0.072294936	0.07753124	0.08228839	0.086600184	0.09050378	0.094035074	0.09722843	0.10011609	0.10272809	0.10506032	0.1071937	0.10915646	0.11094861	0.11257013	0.11402322	0.115336634	0.116534	0.11763171	0.11862977
0.0	0.00013048426	0.0008965157	0.0026070164	0.005341232	0.009044892	0.013593546	0.018832007	0.024599688	0.030743914	0.03712821	0.043634374	0.050164253	0.056637775	0.06299082	0.06917435	0.075152144	0.08089836	0.08639453	0.091629475	0.09662051	0.10135831	0.10583178	0.110040925	0.11398575	0.117668934	0.12111601	0.124347866	0.12737375	0.13019368
0.0	0.060351305	0.11985534	0.17826262	0.23526345	0.2905527	0.34386468	0.39498863	0.44377285	0.49012232	0.5339907	0.57537407	0.6143035	0.6508353	0.68504435	0.7170224	0.74687	0.77469313	0.8005992	0.8246973	0.8470232	0.86789227	0.88739234	0.9055233	0.92228526	0.93769264	0.9519275	0.96514195	0.97742474	0.9887758
1.0458572	1.017352	0.99090064	0.9663574	0.9435867	0.92246175	0.90286404	0.8846827	0.8678144	0.8521625	0.837637	0.8241547	0.81163776	0.8000144	0.7892178	0.77918684	0.76986456	0.7611982	0.7531392	0.74564266	0.7386674	0.73217565	0.7261321	0.720504	0.7152613	0.71037626	0.7058235	0.70157933	0.6976219	0.693931
0.63731146	0.60798794	0.5792156	0.5510556	0.52357763	0.49685058	0.4709372	0.44589058	0.4217528	0.39855453	0.37631544	0.35504475	0.33474296	0.3154028	0.29701006	0.2795448	0.26298317	0.24729827	0.2324602	0.21843673	0.20519497	0.19270124	0.18092199	0.16982374	0.15937313	0.14953704	0.14028364	0.13158223	0.12340299	0.11571719
0.0	0.027715676	0.052022837	0.07336227	0.092116155	0.108616404	0.12315128	0.13597135	0.147294	0.15730862	0.1661794	0.17404853	0.18104038	0.18726292	0.19280978	0.19776179	0.20218994	0.20615676	0.20971632	0.21291532	0.21579483	0.21839033	0.22073367	0.222853	0.22477286	0.2265142	0.22809581	0.22953436	0.23084457	0.23203951
0.0	0.00076057675	0.0027279544	0.0055187466	0.00884512	0.01249247	0.016302483	0.02015964	0.023981562	0.027709877	0.031305533	0.03474369	0.03800897	0.041093897	0.043997034	0.046720717	0.04926966	0.051650144	0.05386998	0.055938043	0.05786297	0.059653565	0.06131837	0.0628657	0.064303584	0.06563982	0.06688158	0.068035595	0.06910817	0.07010524
0.0	2.8907405e-5	0.00020571728	0.0006187095	0.0013091592	0.0022865206	0.0035393492	0.005043428	0.0067671826	0.008676191	0.010735189	0.0129102785	0.0151700685	0.017485986	0.01983252	0.022187816	0.024533017	0.02685206	0.02913167	0.031361114	0.033531915	0.035637595	0.03767303	0.039634455	0.041519437	0.043326866	0.045056287	0.04670791	0.048282526	0.049781434
0.0	0.029323552	0.058095895	0.086255886	0.11373387	0.14046091	0.1663743	0.19142091	0.21555868	0.23875694	0.260996	0.28226674	0.30256853	0.32190868	0.3403014	0.3577667	0.37432832	0.39001322	0.4048513	0.41887474	0.4321165	0.44461024	0.45638952	0.46748775	0.47793835	0.48777443	0.49702784	0.50572926	0.5139085	0.5215943
0.9769607	0.947482	0.92044353	0.89564496	0.87290144	0.8520422	0.8329098	0.81535876	0.7992555	0.7844769	0.77091026	0.7584524	0.747009	0.7364934	0.72682685	0.7179377	0.7097606	0.7022354	0.6953075	0.68892705	0.6830489	0.67763215	0.67263883	0.66803414	0.6637864	0.659867	0.6562495	0.65291005	0.64982635	0.6469782
0.5610089	0.53059584	0.5009507	0.47216204	0.4443172	0.41749308	0.39175174	0.3671383	0.34368113	0.32139316	0.30027348	0.280309	0.26147753	0.24374928	0.22708775	0.21145226	0.19679938	0.18308412	0.17025998	0.15827967	0.14709705	0.13666686	0.12694515	0.11788915	0.10945742	0.10161012	0.09431001	0.087521605	0.08121113	0.07534659
0.0	0.028576598	0.05320209	0.07445499	0.092826635	0.10873476	0.12253455	0.1345283	0.14497265	0.15408683	0.16205697	0.16904089	0.17517415	0.18057258	0.18533432	0.18954301	0.19327053	0.19657953	0.19952329	0.20214713	0.20449024	0.20658618	0.20846474	0.21015191	0.21166995	0.2130377	0.21427204	0.21538763	0.21639746	0.21731287
0.0	0.00086993945	0.0030891532	0.0061904145	0.009832853	0.013770089	0.017826442	0.021878581	0.0258426	0.029661985	0.033302	0.0367431	0.039975516	0.042997055	0.045811675	0.048426248	0.050849706	0.05309201	0.055164102	0.057077464	0.05884298	0.06047126	0.061972417	0.06335609	0.06463142	0.06580697	0.066890545	0.067889415	0.06881033	0.06965952
0.0	3.2192944e-5	0.00022593161	0.00067034306	0.0013997904	0.002413629	0.0036899145	0.0051950454	0.006889977	0.0087349815	0.010691486	0.012724277	0.0148020685	0.016897643	0.018987821	0.021053713	0.023079855	0.025053747	0.02696581	0.028809056	0.03057855	0.032271113	0.033884726	0.03541855	0.0368729	0.03824905	0.039548587	0.04077361	0.04192655	0.043010127
0.0	0.030413056	0.060058188	0.088846855	0.116691716	0.14351583	0.16925718	0.19387059	0.21732777	0.23961574	0.26073542	0.2806999	0.29953137	0.31725964	0.33392116	0.34955662	0.36420953	0.3779248	0.39074892	0.40272924	0.41391185	0.42434204	0.43406376	0.44311973	0.45155147	0.45939878	0.46669888	0.4734873	0.47979778	0.4856623
0.50379735	0.48500225	0.46713993	0.4501657	0.4340369	0.41871247	0.40415263	0.3903188	0.3771736	0.36468086	0.35280576	0.34151483	0.3307759	0.32055837	0.31083298	0.30157202	0.2927492	0.2843396	0.27631974	0.26870766	0.2614589	0.2544832	0.24778056	0.24135098	0.23519444	0.22931097	0.22370057	0.21833713	0.21319212	0.20825432
1.5323211	1.5127617	1.4925905	1.4717898	1.4503931	1.4284673	1.4060992	1.3833854	1.3604251	1.3373156	1.314149	1.2910101	1.267975	1.2451115	1.2224786	1.2001264	1.1780974	1.1564268	1.1351434	1.1142714	1.093843	1.0738645	1.054336	1.0352572	1.0166285	0.9984496	0.9807207	0.96341497	0.94654983	0.93012184
0.0	0.018079381	0.033936188	0.047809687	0.059914958	0.070445575	0.07957561	0.087461546	0.094243735	0.10004795	0.10498657	0.10916001	0.11265771	0.11555913	0.11793517	0.1198486	0.12135501	0.12250369	0.12333855	0.12385003	0.12410824	0.124226406	0.124204524	0.124042615	0.12374066	0.12329866	0.12271663	0.12201454	0.12123523	0.120390736
0.0	0.0006672134	0.002369452	0.004744385	0.0075234375	0.010509714	0.013561117	0.016576862	0.019487869	0.022248086	0.024829565	0.027216602	0.029402845	0.03138916	0.033180322	0.034784142	0.03621079	0.03747162	0.038578067	0.03951929	0.040320765	0.04103306	0.041656166	0.04219009	0.04263483	0.042990383	0.043256756	0.043445516	0.043574005	0.04364841
0.0	4.8540616e-5	0.00035182454	0.0010776296	0.0023220815	0.0041296184	0.006508015	0.0094401715	0.012892179	0.01682047	0.021175472	0.02590595	0.030960932	0.03629073	0.041848905	0.047592614	0.053482387	0.059482474	0.06556103	0.07172039	0.07790947	0.084054716	0.09015613	0.096213706	0.10222746	0.108197354	0.114123434	0.1200002	0.12579603	0.13150391
0.0	0.01955943	0.039730564	0.060531344	0.08192808	0.10385385	0.1262219	0.14893578	0.17189601	0.19500554	0.21817212	0.24131106	0.26434618	0.28720963	0.30984253	0.33219472	0.35422376	0.37589437	0.39717776	0.41804978	0.43847817	0.45845667	0.47798526	0.4970639	0.51569265	0.5338715	0.55160046	0.5689061	0.5857713	0.6021993
1.6965015	1.6487839	1.6047901	1.5642374	1.5268645	1.4924288	1.4607036	1.4314781	1.404556	1.3797548	1.3569053	1.3358512	1.3164482	1.2985632	1.2820735	1.2668661	1.2528383	1.239895	1.227949	1.2169203	1.2067351	1.1973268	1.1886343	1.1806011	1.1731752	1.1663085	1.1599475	1.1538622	1.1479872	1.1435751
0.95844156	0.9092928	0.86123604	0.81436294	0.76879716	0.7246669	0.6820894	0.64116156	0.6019566	0.56452286	0.52888566	0.49504915	0.4629985	0.43270513	0.40412757	0.3772141	0.35190567	0.32813865	0.3058466	0.28496024	0.2654083	0.24712096	0.23002945	0.21406664	0.19916716	0.18526737	0.1722765	0.15978889	0.14770062	0.13839187
0.0	0.04634963	0.08666	0.12176112	0.15236498	0.17908375	0.20244408	0.22289953	0.2408404	0.25660235	0.27047503	0.2827072	0.29351205	0.3030748	0.31155497	0.3190893	0.32579505	0.33177438	0.33711687	0.3418994	0.3461879	0.35004	0.3535051	0.35662746	0.35944602	0.36199465	0.36430183	0.36648092	0.3685699	0.37003174
0.0	0.0013048152	0.004608938	0.009191772	0.014536549	0.020276127	0.026153412	0.03199113	0.037670955	0.043117017	0.048282694	0.053144183	0.05769279	0.061928865	0.06586031	0.06950025	0.07286394	0.07596785	0.07882879	0.08146392	0.08389035	0.0861239	0.08817955	0.0900714	0.091812655	0.09341561	0.09489352	0.09630342	0.09766234	0.098666415
0.0	6.316623e-5	0.00044255686	0.0013113098	0.0027354355	0.0047128717	0.007200419	0.010132725	0.013434202	0.017027436	0.020838479	0.024798937	0.02884847	0.03293462	0.0370128	0.04104588	0.045004316	0.04886427	0.052606836	0.056218024	0.059688218	0.06301094	0.066182636	0.06920155	0.07206768	0.07478277	0.07735873	0.07985497	0.08228212	0.08422837
0.0	0.049148757	0.09720554	0.1440786	0.1896444	0.23377463	0.27635217	0.31727996	0.35648492	0.3939187	0.42955586	0.46339238	0.49544302	0.5257364	0.55431396	0.5812274	0.6065359	0.6303029	0.6525949	0.6734813	0.6930332	0.7113206	0.7284121	0.74437493	0.75927436	0.77317417	0.78616506	0.79865265	0.81074095	0.8200497
1.9220625	1.8454695	1.7760744	1.713223	1.6563159	1.6048006	1.5581676	1.5159487	1.4777157	1.4430784	1.4116826	1.3832091	1.3573691	1.333903	1.3125786	1.2931873	1.2755407	1.259577	1.2449825	1.2314963	1.2191188	1.2078497	1.1976786	1.1884536	1.180007	1.1721946	1.1650163	1.1584721	1.1525372	1.147105
1.4209791	1.3410684	1.262292	1.1850001	1.1096565	1.0367215	0.9665914	0.8995728	0.8358772	0.775629	0.71887535	0.6656007	0.6157433	0.56920135	0.5258464	0.48553404	0.44811	0.41349193	0.3813053	0.35130578	0.32349345	0.29786828	0.27440777	0.25285113	0.23291604	0.21438289	0.19725154	0.18152209	0.16714507	0.15390845
0.0	0.07348177	0.1346904	0.18573041	0.22834319	0.26397216	0.29381287	0.31885514	0.33991578	0.35767096	0.3726767	0.3853913	0.39619595	0.4054029	0.41326898	0.42000842	0.42580125	0.43069407	0.43492514	0.43872035	0.4420797	0.4450032	0.44749388	0.4496292	0.45149794	0.45318526	0.45469123	0.45601577	0.45716816	0.45818964
0.0	0.0029050265	0.009896453	0.0190787	0.029230805	0.03958391	0.049671467	0.059224878	0.06810687	0.07626046	0.08368241	0.09039916	0.096452564	0.10189525	0.106781356	0.11116402	0.1150938	0.118581094	0.12171613	0.12458448	0.12718615	0.12952115	0.13159274	0.1334406	0.13510765	0.13663705	0.13802877	0.13928282	0.14040549	0.14142269
0.0	0.00020633126	0.0014012711	0.004030428	0.008172656	0.01370593	0.020410666	0.028033834	0.036324155	0.045052785	0.054020777	0.06306295	0.072044946	0.080861464	0.08943368	0.0977029	0.105626784	0.11321033	0.12043884	0.12726137	0.13367791	0.13968848	0.14529736	0.15053923	0.15544997	0.16004565	0.1643263	0.1682919	0.17195167	0.17534524
0.0	0.079910815	0.15868711	0.2359791	0.31132278	0.3842578	0.4543878	0.5214064	0.585102	0.6453502	0.70210385	0.7553785	0.8052359	0.8517778	0.8951327	0.93544513	0.9728692	1.0074873	1.0396739	1.0696734	1.0974858	1.1231109	1.1465714	1.1681281	1.1880631	1.2065963	1.2237277	1.2394571	1.2538341	1.2670708
1.5787805	1.5006719	1.4307402	1.368148	1.312133	1.2619992	1.2171131	1.1769016	1.1408486	1.1084936	1.0794262	1.053282	1.0297399	1.0085155	0.98935723	0.9722203	0.95654106	0.9421626	0.9290848	0.9173078	0.906727	0.89718103	0.88838136	0.8803094	0.8729652	0.8663366	0.8603043	0.85479563	0.8497625	0.8451613
1.42074	1.3384129	1.2566649	1.1761044	1.0974559	1.0213917	0.9484578	0.8790497	0.81341976	0.75169355	0.6938969	0.63997775	0.5898243	0.5432866	0.5001914	0.460458	0.42352235	0.38925076	0.35764328	0.32869992	0.3022302	0.27795646	0.25542313	0.23460315	0.21549654	0.1980775	0.18209901	0.16741064	0.15390897	0.14149834
0.0	0.074176855	0.1339244	0.18207112	0.2208962	0.2522359	0.27756718	0.29807398	0.31470618	0.32822123	0.33922625	0.34820732	0.35555056	0.36156622	0.3665069	0.37040073	0.37370974	0.3765717	0.37898672	0.38095468	0.38252026	0.38376614	0.3848488	0.38577917	0.38655722	0.3871866	0.3877066	0.38814136	0.3885051	0.3888097
0.0	0.0036449935	0.01219696	0.02311995	0.034866057	0.0465236	0.0575853	0.067798555	0.07706292	0.0853718	0.09276736	0.09931835	0.10510524	0.110209055	0.11470736	0.118597105	0.12208114	0.12522107	0.12801692	0.13046865	0.13261016	0.13448256	0.13618298	0.1377181	0.13908793	0.14029595	0.14137438	0.14234243	0.14321274	0.14399633
0.0	0.00028677113	0.0019189605	0.0054415134	0.010885287	0.018021746	0.026514843	0.03600642	0.04616276	0.05669389	0.06736073	0.07797276	0.08838489	0.0984897	0.108209014	0.11756236	0.12644857	0.13482514	0.14269207	0.15004937	0.15692309	0.16335078	0.16936739	0.17497385	0.18017013	0.18496136	0.18939523	0.19350106	0.19730017	0.20081311
0.0	0.08232716	0.1640752	0.24463557	0.32328418	0.39934835	0.4722823	0.54169035	0.6073203	0.6690465	0.7268431	0.7807623	0.8309157	0.87745345	0.9205487	0.960282	0.9972177	1.0314893	1.0630968	1.0920402	1.1185099	1.1427836	1.1653169	1.1861368	1.2052435	1.2226626	1.238641	1.2533294	1.266831	1.2792417
0.7476665	0.7283586	0.709868	0.6921617	0.675208	0.65897655	0.643438	0.6285637	0.61432576	0.60069704	0.5876512	0.5751626	0.5632063	0.5517583	0.5407954	0.5302951	0.52023596	0.5105973	0.5013593	0.49250293	0.4840102	0.47586375	0.46804717	0.46054476	0.45334157	0.44642344	0.43977278	0.43327993	0.42690665	0.4213372
1.1731988	1.153356	1.1332607	1.1129026	1.092295	1.0714684	1.0504639	1.02933	1.0081183	0.98688096	0.96566975	0.9445338	0.9235192	0.9026683	0.8820194	0.8616067	0.84146017	0.8216059	0.80206627	0.78286004	0.7640025	0.7455059	0.7273799	0.7096316	0.6922663	0.6752869	0.6586806	0.6423041	0.6261196	0.61122483
0.0	0.018798413	0.035846617	0.05129753	0.065291	0.07795521	0.08940767	0.09975618	0.1090996	0.11752847	0.12512568	0.13196707	0.13812186	0.14365321	0.14861883	0.15307121	0.15705806	0.16062272	0.16380481	0.1666403	0.16916163	0.1713984	0.17337725	0.17512256	0.17665662	0.17799951	0.17916821	0.18023875	0.18124285	0.18180035
0.0	0.0004840042	0.0017641522	0.0036232704	0.0058898083	0.008428915	0.011135245	0.013927297	0.016742494	0.019533556	0.022265514	0.024912694	0.027457288	0.029887639	0.03219632	0.03437967	0.036436874	0.038369317	0.040179584	0.04187137	0.043449324	0.04491856	0.04628458	0.047552887	0.048728965	0.04981827	0.050826523	0.05178755	0.052714597	0.053413264
0.0	2.5480424e-5	0.00018770304	0.00058403035	0.001277708	0.0023058127	0.0036855817	0.005419338	0.007498665	0.009907428	0.012624108	0.015624166	0.018881055	0.022367336	0.026055964	0.02992052	0.03393561	0.038077183	0.04232284	0.046651904	0.05104534	0.055485774	0.059957504	0.064446285	0.06893933	0.073425286	0.07789898	0.08236027	0.086802386	0.091115706
0.0	0.019842863	0.03993803	0.060296163	0.080903746	0.10173047	0.122734904	0.14386879	0.16508058	0.18631786	0.20752902	0.22866495	0.2496796	0.2705305	0.29117936	0.3115921	0.33173862	0.3515929	0.3711325	0.39033875	0.4091963	0.42769286	0.4458189	0.4635672	0.48093253	0.4979119	0.5145182	0.53089464	0.5470792	0.561974
1.8920273	1.8454204	1.8018917	1.7612457	1.7233002	1.6878837	1.6548343	1.6239986	1.595232	1.5683976	1.5433662	1.5200163	1.498234	1.4779123	1.4589509	1.4412562	1.424741	1.4093243	1.39493	1.3814874	1.3689309	1.3571997	1.3462378	1.3359923	1.3264145	1.3174585	1.3090839	1.301113	1.2933822	1.2870291
1.128487	1.080651	1.0335678	0.98727953	0.94187164	0.8974481	0.8541166	0.8119784	0.77112186	0.73162025	0.6935298	0.6568904	0.6217258	0.5880465	0.55584997	0.52512294	0.49584225	0.4679784	0.4414964	0.41635573	0.39251167	0.36991757	0.34852508	0.3282854	0.30914944	0.29106793	0.27399194	0.25761107	0.24166983	0.22825322
0.0	0.045433845	0.085749574	0.12155089	0.15336756	0.18166581	0.20685643	0.22930166	0.24932085	0.26719528	0.2831733	0.29747316	0.31028667	0.32178366	0.3321133	0.3414067	0.34977835	0.3573302	0.36415285	0.3703254	0.37591717	0.38098964	0.38559648	0.38978615	0.39360207	0.39708248	0.40025875	0.4032225	0.4060724	0.4082688
0.0	0.0011172129	0.0039886157	0.008035667	0.0128308525	0.018060349	0.023496047	0.028974034	0.034378942	0.039631747	0.044679463	0.049489822	0.05404515	0.05833712	0.06236565	0.06613611	0.06965733	0.07293995	0.07599576	0.07883776	0.081479564	0.08393402	0.08621373	0.08833078	0.09029667	0.09212234	0.093817644	0.095421895	0.096973546	0.098223135
0.0	5.5891072e-5	0.0003974812	0.0011950693	0.0025287024	0.004417463	0.006840608	0.009752965	0.01309546	0.01680266	0.020808332	0.02504794	0.029461412	0.0339942	0.038597483	0.04322839	0.04785058	0.05243283	0.056948747	0.061376788	0.06569969	0.06990392	0.07397932	0.077917956	0.08171404	0.085363984	0.08886701	0.09226988	0.09559921	0.09850623
0.0	0.047835946	0.09491925	0.14120743	0.18661536	0.2310389	0.27437034	0.31650862	0.3573651	0.39686677	0.4349572	0.47159663	0.5067612	0.5404405	0.572637	0.6033641	0.6326448	0.66050863	0.6869906	0.71213126	0.7359753	0.7585694	0.7799619	0.8002016	0.81933755	0.8374191	0.85449505	0.87087595	0.88681716	0.9002338
1.7601173	1.6317314	1.5242053	1.4341308	1.3585999	1.2951542	1.2417389	1.196652	1.1584904	1.1261014	1.098541	1.0751501	1.0549673	1.0374566	1.0225984	1.0099669	0.99894136	0.9894248	0.9813056	0.97428817	0.96821505	0.9629545	0.95839477	0.9544397	0.95100695	0.9480265	0.9454376	0.94318765	0.9412317	0.9395309
1.4373604	1.2986598	1.1643717	1.0370505	0.91867363	0.8103723	0.71252745	0.6249666	0.5471685	0.47840688	0.41786957	0.36483812	0.31802732	0.27681112	0.24114707	0.21023615	0.1829839	0.15922931	0.13873607	0.1208796	0.105318524	0.091758676	0.07994409	0.06965054	0.060681716	0.05286825	0.0460615	0.040131003	0.03496416	0.030462734
0.0	0.11889111	0.20387305	0.26484436	0.30880293	0.34068286	0.36395732	0.38106677	0.39373896	0.4031928	0.4102951	0.41557223	0.4196568	0.42293617	0.42541546	0.42726487	0.4287633	0.42995796	0.43088076	0.4316176	0.4322102	0.4326898	0.43308008	0.43339956	0.43366253	0.43387997	0.4340607	0.4342116	0.43433815	0.43444464
0.0	0.008674778	0.027000941	0.04796074	0.068259515	0.08653526	0.102387495	0.11586841	0.12721093	0.13670868	0.14464785	0.15123473	0.15680335	0.16156021	0.16551255	0.16879734	0.17162476	0.17403045	0.17604922	0.17777136	0.17924437	0.18050697	0.18159114	0.18252373	0.1833272	0.18402025	0.1846188	0.18513635	0.18558425	0.18597218
0.0	0.0008200011	0.005037923	0.013181372	0.024454948	0.03774493	0.052033562	0.06653007	0.080677055	0.094114475	0.10663335	0.11816022	0.12868987	0.13816424	0.14659093	0.15408824	0.16078791	0.16670409	0.17188172	0.17644018	0.18044765	0.18396601	0.18705133	0.18975429	0.1921206	0.19419058	0.19600022	0.19758171	0.19896322	0.20016956
0.0	0.13870068	0.2729887	0.40030995	0.51868683	0.6269882	0.724833	0.81239384	0.890192	0.95895356	1.0194908	1.0725223	1.1193331	1.1605493	1.1962134	1.2271243	1.2543765	1.2781311	1.2986244	1.3164809	1.3320419	1.3456018	1.3574164	1.3677099	1.3766787	1.3844922	1.3912989	1.3972294	1.4023963	1.4068977
1.6671592	1.5160794	1.3924794	1.2912687	1.2081994	1.1397835	1.0832014	1.0361946	0.9969672	0.9643225	0.9363996	0.9126589	0.8928963	0.8760747	0.8615563	0.8492856	0.83881044	0.82981825	0.82208574	0.815427	0.80968535	0.8047285	0.80044556	0.79674166	0.79353553	0.7907586	0.78835267	0.78626674	0.7844572	0.78288704
1.6571332	1.4907637	1.3281798	1.1739783	1.031479	0.9023806	0.7870853	0.6851484	0.5956401	0.517564	0.44888267	0.38906887	0.33773303	0.29306278	0.25401503	0.2204687	0.19145305	0.16628261	0.14444348	0.12549168	0.10904202	0.09476007	0.08235906	0.07158925	0.06223298	0.05410378	0.047041085	0.040903434	0.035568222	0.030930536
0.0	0.13721028	0.2288675	0.29015118	0.33120507	0.35877037	0.37731004	0.3897875	0.39816692	0.40355283	0.40734485	0.40996853	0.4114972	0.4123954	0.41297042	0.4132357	0.41330987	0.41326904	0.4131569	0.4130031	0.41282806	0.4126454	0.41246387	0.41228932	0.41212505	0.41197288	0.41183352	0.4117072	0.4115934	0.4114915
0.0	0.012449141	0.037350863	0.064214334	0.08881503	0.109833635	0.1272053	0.1413341	0.15274924	0.16183531	0.16933869	0.17549963	0.18039422	0.18439242	0.18774974	0.19048503	0.19274643	0.19463414	0.19621684	0.19754894	0.19867428	0.19962819	0.20043902	0.20113017	0.2017208	0.2022266	0.20266043	0.20303328	0.20335425	0.20363086
0.0	0.0014203265	0.0084614055	0.021525009	0.03893971	0.05877167	0.07944245	0.09984303	0.11927589	0.1374486	0.15407611	0.16903219	0.18237153	0.19429673	0.20488277	0.21415293	0.22229248	0.22943777	0.23569973	0.2411802	0.24597153	0.25015712	0.25381073	0.25699812	0.25977784	0.26220113	0.26431257	0.266152	0.26775438	0.2691498
0.0	0.16636954	0.32895344	0.48315486	0.6256543	0.75475264	0.870048	0.9719848	1.061493	1.1395693	1.2082505	1.2680644	1.3194002	1.3640704	1.4031183	1.4366645	1.4656801	1.4908506	1.5126897	1.5316416	1.5480912	1.5623732	1.5747741	1.585544	1.5949003	1.6030295	1.6100922	1.6162298	1.621565	1.6262027
1.2888442	1.2414728	1.1973491	1.1562595	1.1180043	1.082394	1.0492482	1.0183954	0.98967326	0.96292806	0.9380155	0.9148004	0.8931566	0.8729667	0.85412186	0.8365217	0.820073	0.8046901	0.7905474	0.7771646	0.7644708	0.752466	0.74115026	0.73052347	0.72058576	0.7113364	0.70267195	0.6945238	0.6868325	0.6795848
1.4962639	1.4469978	1.3973138	1.3473012	1.2971581	1.2471334	1.1974877	1.148471	1.1003075	1.0531899	1.0072762	0.96269095	0.91952765	0.877852	0.8377049	0.799106	0.7620594	0.72655475	0.6926631	0.66014504	0.6289689	0.5991347	0.5706424	0.5434921	0.5176836	0.4932088	0.4699075	0.44772726	0.42658272	0.4064563
0.0	0.045594335	0.08486925	0.118677706	0.14776008	0.17276017	0.19423766	0.21267839	0.22850338	0.2420767	0.25371295	0.26368272	0.27221945	0.27952412	0.28576893	0.29110125	0.295649	0.29952207	0.30253646	0.30519685	0.30757883	0.30968237	0.3115075	0.3130542	0.31432247	0.31530902	0.31607234	0.31667855	0.31716445	0.31753883
0.0	0.0016594402	0.005797057	0.01143609	0.01789373	0.024699703	0.031536546	0.038196553	0.044549696	0.05052099	0.05607248	0.061193034	0.065887794	0.07017251	0.07407021	0.07760731	0.08081109	0.08370909	0.086216755	0.088526346	0.09066766	0.0926407	0.09444547	0.09608196	0.097550176	0.09885038	0.1000158	0.10106753	0.10202508	0.10289308
0.0	0.00011760308	0.0008288747	0.0024709003	0.005186036	0.0089903	0.0138217965	0.01957379	0.026117861	0.033318438	0.041043237	0.049168028	0.05758037	0.06618088	0.07488318	0.08361399	0.092311084	0.10092293	0.10954358	0.117956415	0.12612692	0.13405511	0.141741	0.14918454	0.15638578	0.16334842	0.17008412	0.1765743	0.18282215	0.18882751
0.0	0.049266025	0.09894998	0.14896259	0.19910564	0.24913049	0.29877615	0.34779286	0.39595637	0.443074	0.48898762	0.53357285	0.57673615	0.6184118	0.6585589	0.6971578	0.7342044	0.76970905	0.8036007	0.83611876	0.8672949	0.8971291	0.9256214	0.9527717	0.9785802	1.003055	1.0263563	1.0485365	1.069681	1.0898075
1.856484	1.7533138	1.6625359	1.5826906	1.5124679	1.4506905	1.3963076	1.3483878	1.3061126	1.2687662	1.2357249	1.20645	1.1804715	1.1575966	1.1369591	1.118361	1.1018027	1.0872089	1.0742615	1.0625224	1.0519309	1.0424869	1.0340822	1.0265286	1.0197355	1.0136218	1.0081165	1.0031562	0.99868506	0.9946527
1.6063352	1.4968556	1.3886817	1.2829226	1.1807919	1.083316	0.9912333	0.9049931	0.8247912	0.7506303	0.68236667	0.6197559	0.56249785	0.5103697	0.46251616	0.41877168	0.37913635	0.3434723	0.31123883	0.28174573	0.2549045	0.23071517	0.2089559	0.1892454	0.17139307	0.15522483	0.14058217	0.12732212	0.11531446	0.10444059
0.0	0.09733725	0.17334726	0.23276162	0.27926964	0.31574532	0.34442106	0.36702865	0.384905	0.39908805	0.41037863	0.4193941	0.42662093	0.43221846	0.43690675	0.44086188	0.44408384	0.44660398	0.44858453	0.4502671	0.4516877	0.45284635	0.4537796	0.45455357	0.45519724	0.45573425	0.45618355	0.45656043	0.45687753	0.45714518
0.0	0.005356657	0.017496383	0.032444656	0.04796618	0.06287071	0.0765854	0.088889286	0.099760145	0.10927276	0.11755146	0.12473477	0.13095853	0.13626003	0.14094256	0.14508176	0.14867762	0.15175484	0.15440221	0.15676129	0.15885346	0.16067873	0.16226724	0.16366935	0.16490926	0.1660078	0.16698281	0.16784951	0.16862114	0.16930914
0.0	0.00047630575	0.0031044998	0.008587185	0.016780412	0.027177494	0.039169993	0.05217827	0.06570621	0.07935709	0.092828974	0.105905205	0.118433096	0.13040897	0.1416757	0.15217935	0.1619199	0.1709164	0.17923579	0.18693325	0.194012	0.20047206	0.20635505	0.21173249	0.21664211	0.22112015	0.22520126	0.22891785	0.2323003	0.23537703
0.0	0.10947949	0.21765353	0.3234125	0.42554322	0.52301925	0.6151018	0.70134205	0.7815439	0.85570484	0.9239685	0.98657924	1.0438373	1.0959654	1.143819	1.1875634	1.2271988	1.2628628	1.2950963	1.3245894	1.3514307	1.37562	1.3973793	1.4170897	1.4349421	1.4511104	1.465753	1.479013	1.4910207	1.5018946
1.2563146	1.1633381	1.0833684	1.0145717	0.955334	0.9042469	0.86009485	0.8218395	0.7886009	0.75963706	0.73432523	0.71226573	0.6928631	0.67544055	0.659998	0.6465135	0.6346915	0.6240763	0.6145264	0.60604185	0.59854084	0.5918282	0.5858119	0.58041304	0.57556283	0.57120144	0.567276	0.5637399	0.56055206	0.5576763
1.4142976	1.3137399	1.2133721	1.1150043	1.020323	0.93059176	0.8466058	0.7687541	0.6971194	0.6315663	0.5718204	0.5176305	0.46835378	0.4233595	0.3826477	0.3461658	0.3133874	0.28355047	0.25642726	0.23201777	0.21013828	0.19036207	0.1724803	0.15630712	0.14167511	0.12843442	0.11644971	0.10559873	0.09577188	0.086870566
0.0	0.08600112	0.14882669	0.19464485	0.22800945	0.25226778	0.26986974	0.28260216	0.29176998	0.29832345	0.3029556	0.30607337	0.30813316	0.3096755	0.31070042	0.31121	0.31133214	0.3112814	0.31112543	0.31086418	0.31051508	0.31012645	0.30971754	0.309302	0.3088895	0.30848676	0.3080986	0.3077282	0.30737737	0.3070471
0.0	0.0063699726	0.020259785	0.036646083	0.05294852	0.06796179	0.08122818	0.09267771	0.10242308	0.110654615	0.11757988	0.12333296	0.12814453	0.1323333	0.13589926	0.13885157	0.14129496	0.1434052	0.14524364	0.1468103	0.14813194	0.14927089	0.15025586	0.1511104	0.15185404	0.15250295	0.1530708	0.15356907	0.15400736	0.15439379
0.0	0.00060553645	0.0038597381	0.010452088	0.020022674	0.031838138	0.0451219	0.05919528	0.07352066	0.08769952	0.10145394	0.114642575	0.12717386	0.1388653	0.14971697	0.15973954	0.16899604	0.17755176	0.1854192	0.19259833	0.19912678	0.20508909	0.21052934	0.21548921	0.22000828	0.22412348	0.22786921	0.23127748	0.23437786	0.23719743
0.0	0.10055768	0.20092547	0.29929328	0.39397448	0.48370576	0.5676918	0.6455434	0.71717817	0.78273124	0.8424772	0.896667	0.9459438	0.990938	1.0316498	1.0681317	1.1009102	1.1307471	1.1578703	1.1822798	1.2041593	1.2239355	1.2418172	1.2579905	1.2726225	1.2858632	1.2978479	1.3086988	1.3185257	1.327427
0.92626077	0.82048714	0.73276865	0.65990657	0.59917706	0.5483098	0.5054493	0.4692631	0.43855238	0.41143754	0.38791865	0.36781722	0.3505886	0.33502162	0.32106096	0.30870664	0.29787594	0.28819072	0.27947885	0.271615	0.26449388	0.25802654	0.25213724	0.24676022	0.24183924	0.23732588	0.23317836	0.2293598	0.22583756	0.22258326
1.8667634	1.747274	1.6233277	1.4994856	1.3796827	1.2665426	1.1614724	1.0650858	0.9773099	0.8970616	0.8243409	0.7588032	0.69996434	0.64588505	0.5964711	0.5517225	0.5113886	0.4746291	0.44104868	0.41031647	0.38214046	0.35626388	0.33246034	0.3105279	0.29028833	0.27158383	0.2542752	0.23823737	0.22335772	0.20953624
0.0	0.093550086	0.1526244	0.18897349	0.21047379	0.22234331	0.22801031	0.2295777	0.22853442	0.22657645	0.22370383	0.21996655	0.21580398	0.21172869	0.20776094	0.20390074	0.20013691	0.19653912	0.19313337	0.18992183	0.18690135	0.18406554	0.1814063	0.17891483	0.17658156	0.17439683	0.1723513	0.17043598	0.16864227	0.166962
0.0	0.010731333	0.031791795	0.05383798	0.07322277	0.08894547	0.10112279	0.110159956	0.11660286	0.12161495	0.1251962	0.12743734	0.12860955	0.12938175	0.12978522	0.12982	0.12950589	0.12899767	0.12836437	0.12764671	0.12687507	0.12607212	0.12525488	0.12443649	0.12362641	0.12283144	0.122056425	0.12130493	0.12057944	0.11988141
0.0	0.0014922159	0.009075895	0.023542766	0.04338713	0.06666219	0.09167836	0.117259994	0.14257112	0.16663183	0.18944208	0.21103966	0.23125865	0.25012875	0.26765364	0.28383338	0.29874206	0.3125333	0.32528418	0.33707723	0.34799048	0.35809657	0.36746234	0.37614924	0.38421357	0.39170662	0.39867467	0.40516007	0.4112015	0.41683412
0.0	0.1194894	0.24343568	0.36727774	0.48708072	0.60022086	0.705291	0.8016776	0.88945353	0.9697018	1.0424225	1.1079602	1.1667991	1.2208784	1.2702923	1.3150408	1.3553748	1.3921343	1.4257147	1.4564469	1.484623	1.5104995	1.5343031	1.5562356	1.5764751	1.5951796	1.6124882	1.628526	1.6434057	1.6572272
1.1855667	1.0927955	1.0123749	0.9426525	0.88215554	0.8295808	0.7837896	0.7437993	0.7087699	0.6779882	0.65121716	0.62723714	0.605579	0.5862428	0.5692203	0.55419606	0.5406826	0.52834016	0.5171689	0.5071673	0.49817806	0.4900218	0.48260874	0.4758599	0.46970654	0.46408832	0.45895234	0.45425135	0.44994354	0.4459921
1.6966562	1.5957962	1.4931793	1.3906987	1.2903231	1.193657	1.1018233	1.015496	0.9349874	0.86034393	0.79163796	0.7280819	0.66937596	0.6155203	0.56647795	0.5217512	0.48066285	0.44268635	0.4078218	0.37606448	0.34705755	0.32042575	0.29596075	0.27347267	0.25278908	0.23375414	0.2162269	0.20007865	0.1851925	0.17146292
0.0	0.085404836	0.1475378	0.19248122	0.22477701	0.24779743	0.26403168	0.27530813	0.28296718	0.28798893	0.2907506	0.29239812	0.29336223	0.29364294	0.29323214	0.29229233	0.29111683	0.2898732	0.28856146	0.28718102	0.28576422	0.28436232	0.28299186	0.28166485	0.28038895	0.279169	0.27800772	0.2769064	0.2758651	0.27488282
0.0	0.0066437647	0.021022633	0.037822407	0.054346167	0.069363594	0.082434975	0.09352538	0.102787055	0.11044532	0.11652905	0.12161781	0.12595807	0.1295498	0.13239641	0.13462202	0.13642505	0.13796306	0.13923602	0.14024423	0.14103861	0.14167942	0.14219451	0.14260693	0.14293532	0.1431949	0.14339814	0.14355543	0.14367533	0.14376463
0.0	0.00072253303	0.004631288	0.0126105035	0.02428791	0.038824834	0.055310395	0.07293377	0.0910425	0.10914424	0.12706983	0.14431353	0.1606673	0.17613111	0.19071777	0.20445621	0.21734214	0.22939017	0.2406003	0.2509741	0.26058573	0.2695031	0.2777715	0.28543496	0.29253584	0.2991144	0.30520844	0.31085342	0.31608266	0.32092705
0.0	0.10085997	0.20347692	0.30595756	0.40633306	0.5029991	0.59483284	0.6811602	0.7616688	0.8363123	0.9050182	0.96857435	1.0272802	1.0811359	1.1301783	1.174905	1.2159934	1.2539698	1.2888343	1.3205917	1.3495986	1.3762305	1.4006954	1.4231836	1.4438671	1.4629021	1.4804293	1.4965775	1.5114638	1.5251933
0.8110996	0.7869564	0.76422465	0.7428237	0.7226777	0.7037145	0.6858652	0.66906434	0.6532493	0.6383606	0.6243417	0.6111392	0.5987024	0.5869835	0.5759376	0.5655225	0.55569845	0.54642844	0.53767765	0.5294136	0.5216058	0.5142259	0.5072475	0.50064605	0.49439853	0.48848334	0.4828803	0.4775707	0.47251964	0.46776274
0.8433685	0.81846136	0.7935018	0.76852703	0.74359703	0.71878415	0.69416505	0.66981566	0.6458075	0.62220544	0.5990666	0.5764395	0.5543644	0.53287333	0.511991	0.4917352	0.47211745	0.4531435	0.434815	0.41712964	0.40008155	0.38366163	0.3678588	0.35265973	0.3380501	0.32401472	0.31053734	0.29760095	0.28515172	0.27327716
0.0	0.023411728	0.04411875	0.06243038	0.07862088	0.09293377	0.1055853	0.11676737	0.12665035	0.13538507	0.14310512	0.14992887	0.15596068	0.16129264	0.16600652	0.17017424	0.1738592	0.17711689	0.17999679	0.18254283	0.18479344	0.18678229	0.18853927	0.1900903	0.1914589	0.19266604	0.19373026	0.19466765	0.19549817	0.1962162
0.0	0.00069889333	0.0025207468	0.005125465	0.008252433	0.011703448	0.01532904	0.01901819	0.022689229	0.026283855	0.029761422	0.033094477	0.03626628	0.03926788	0.042095404	0.044749532	0.04723403	0.04955478	0.05171873	0.053733543	0.05560759	0.05734965	0.05896811	0.060471248	0.061867002	0.06316293	0.064366244	0.065483786	0.066526815	0.06748691
0.0	3.2531916e-5	0.00023546972	0.0007200427	0.0015485489	0.0027478754	0.0043200147	0.006249678	0.0085107125	0.01107007	0.013891297	0.016937051	0.020170277	0.023555582	0.027060037	0.03065332	0.03430792	0.037999496	0.04170641	0.045409635	0.049092766	0.052741744	0.05634472	0.059891973	0.06337515	0.06678728	0.070122786	0.07337742	0.07655498	0.07963375
0.0	0.024907112	0.049866654	0.07484144	0.099771395	0.124584295	0.14920342	0.17355278	0.19756094	0.22116299	0.24430186	0.26692897	0.28900406	0.31049514	0.33137745	0.35163328	0.37125102	0.39022493	0.40855348	0.4262388	0.44328693	0.4597068	0.47550964	0.49070874	0.50531834	0.51935375	0.5328311	0.5457675	0.55821675	0.5700913
1.7886937	1.7155807	1.6514755	1.5952789	1.5460184	1.5028337	1.4649659	1.4317478	1.402594	1.3769923	1.3544978	1.3347201	1.3173199	1.302003	1.2885126	1.2766232	1.2661387	1.2568897	1.2487282	1.2415221	1.2351799	1.229528	1.2244916	1.2200707	1.2161947	1.2127671	1.2097347	1.2070514	1.2046769	1.202575
0.8899093	0.81360495	0.740976	0.6724059	0.60820675	0.5485676	0.4935495	0.44309992	0.3970788	0.3552807	0.3174574	0.28333873	0.25264087	0.22508135	0.20038651	0.17829329	0.1585513	0.14093152	0.12522253	0.11122829	0.09879928	0.087652154	0.07767417	0.06886527	0.061098382	0.05420093	0.04807586	0.04263823	0.037812214	0.033529546
0.0	0.07007902	0.1265355	0.17219779	0.2092849	0.23954074	0.26433864	0.28475854	0.30165508	0.31570327	0.3274361	0.33728185	0.34558064	0.3526032	0.35856932	0.36365873	0.3680151	0.3717551	0.37497514	0.37775648	0.38014886	0.38224623	0.38409325	0.38568994	0.3870686	0.38827372	0.38932893	0.39025402	0.39106593	0.3917793
0.0	0.0028764927	0.009649914	0.018345272	0.027753515	0.0371565	0.046145897	0.054511093	0.06215843	0.06906859	0.075263664	0.08078617	0.085691474	0.0900377	0.09388172	0.09727775	0.100276686	0.102923706	0.105259515	0.10732086	0.10913352	0.11074749	0.11218454	0.113444686	0.11454849	0.11552368	0.11638567	0.11714773	0.11782157	0.11841756
0.0	0.00015746494	0.0010326745	0.0028716975	0.0056368867	0.009162669	0.013243131	0.017676223	0.02228619	0.02692939	0.031496175	0.035905465	0.04010162	0.04404979	0.047730017	0.051133934	0.054263175	0.057125103	0.059730873	0.062094282	0.06423138	0.06617199	0.067924276	0.06948825	0.07088179	0.07212911	0.0732444	0.074240535	0.07512935	0.07592178
0.0	0.0763044	0.14893337	0.21750343	0.28170258	0.34134173	0.39635983	0.4468094	0.49283051	0.5346286	0.57245195	0.6065706	0.6372684	0.66482794	0.6895228	0.71161604	0.731358	0.7489778	0.76468676	0.77868104	0.79111004	0.8022572	0.8122352	0.821044	0.82881093	0.8357084	0.8418335	0.8472711	0.8520971	0.8563798
0.52933997	0.490936	0.45656988	0.42581135	0.3982664	0.3735754	0.35141256	0.33148545	0.3135334	0.29732585	0.28265953	0.2693564	0.25726032	0.24642193	0.23643756	0.22712767	0.21849228	0.21053138	0.20324497	0.19660379	0.1905453	0.18495753	0.17966542	0.17466895	0.16996814	0.165563	0.1614535	0.15763965	0.15410504	0.15078586
1.1794521	1.1380037	1.0950487	1.0511189	1.0068307	0.9627697	0.9194351	0.8772207	0.8364156	0.79721695	0.7597451	0.72405833	0.69017	0.65821797	0.6279227	0.59913903	0.5718669	0.54610634	0.52185726	0.49903837	0.47763193	0.457468	0.43821168	0.41986296	0.40242183	0.3858883	0.37026235	0.355544	0.34166732	0.3284931
0.0	0.035582565	0.06264601	0.083048776	0.09826325	0.10945088	0.11752347	0.123193435	0.12701584	0.1294214	0.13074498	0.13124451	0.13112125	0.13039273	0.12939796	0.1282747	0.1270229	0.12564263	0.12413385	0.12249381	0.12078913	0.11907283	0.11739408	0.1157529	0.114149265	0.1125832	0.111054674	0.109563716	0.10810218	0.10668251
0.0	0.002598408	0.008614885	0.016155079	0.024072748	0.031709593	0.038718306	0.044945303	0.050351508	0.054964457	0.058844414	0.06206793	0.064714395	0.06673451	0.06838196	0.06977448	0.07091207	0.07179475	0.0724225	0.07280718	0.07298557	0.073017575	0.0729951	0.07291813	0.07278669	0.07260075	0.07236034	0.072065435	0.07171567	0.07133831
0.0	0.00022300064	0.0015091986	0.0043247603	0.008737561	0.014604113	0.021685634	0.029715791	0.03843921	0.04762827	0.05709106	0.066671126	0.07624401	0.0857908	0.095122494	0.10416313	0.1129127	0.12137121	0.12953866	0.13743518	0.14501996	0.15229203	0.15928537	0.166	0.17243588	0.17859302	0.18447146	0.19007117	0.19541708	0.2005333
0.0	0.04144838	0.08440337	0.12833321	0.17262143	0.21668239	0.26001698	0.30223143	0.3430365	0.38223514	0.41970697	0.45539376	0.48928207	0.52123415	0.55152935	0.580313	0.60758513	0.6333458	0.6575948	0.6804137	0.7018202	0.7219841	0.7412404	0.75958914	0.7770303	0.7935638	0.80918974	0.8239081	0.83778477	0.850959
1.9408264	1.8372128	1.7466519	1.6675254	1.5983951	1.5379814	1.4851532	1.4389178	1.3984079	1.3628725	1.3316594	1.3042065	1.2800311	1.2587134	1.2400314	1.2233108	1.2083572	1.1951702	1.1836373	1.1734576	1.1642867	1.1561241	1.1489472	1.1425794	1.1369103	1.1318607	1.1273608	1.1233492	1.1197718	1.1165804
1.4332976	1.3236357	1.2166349	1.1133556	1.0148576	0.9219698	0.83522576	0.75488126	0.6809644	0.6133298	0.55171824	0.4957892	0.4451612	0.39943847	0.3583238	0.3209841	0.28721237	0.2570086	0.23016584	0.20613723	0.18435843	0.16482823	0.14750119	0.13201755	0.118150935	0.10573469	0.09461831	0.08466718	0.07576028	0.06778835
0.0	0.09798941	0.17443351	0.23421238	0.28109482	0.3179905	0.34714273	0.37027803	0.38872582	0.40350604	0.41541135	0.42504933	0.43288913	0.43930244	0.44444606	0.44880614	0.4525375	0.45564014	0.45816234	0.46024126	0.462057	0.46361	0.4649078	0.4660118	0.46695948	0.4677758	0.46848118	0.4690924	0.46962348	0.4700862
0.0	0.0052001323	0.016994001	0.031536076	0.046664417	0.06122631	0.07466217	0.08675362	0.0974706	0.10688196	0.115098976	0.12225261	0.1284713	0.13387495	0.13851921	0.14262079	0.14624755	0.14939949	0.15211086	0.15446362	0.15656579	0.15841763	0.16002539	0.16143714	0.1626825	0.1637825	0.16475528	0.16561644	0.16637951	0.16705635
0.0	0.00042411764	0.0027470833	0.0075525222	0.0146721285	0.023628265	0.033868287	0.04487705	0.05622208	0.06756597	0.07865672	0.08931797	0.09943493	0.108935624	0.11782981	0.12608863	0.13368423	0.14061664	0.14691593	0.15266399	0.1579169	0.16267474	0.16694598	0.17079802	0.17427409	0.1774074	0.18022922	0.18276842	0.18505163	0.18710348
0.0	0.109662026	0.21666276	0.3199421	0.41844004	0.5113279	0.59807193	0.67841643	0.7523333	0.81996787	0.88157946	0.93750846	0.98813653	1.0338593	1.074974	1.1123136	1.1460853	1.1762891	1.2031319	1.2271605	1.2489393	1.2684695	1.2857965	1.3012801	1.3151468	1.327563	1.3386794	1.3486305	1.3575374	1.3655094
1.5686948	1.4343987	1.3213216	1.2260808	1.1457492	1.0778264	1.0202097	0.9711528	0.9292191	0.89361423	0.86236376	0.8350586	0.81166404	0.7915695	0.7737887	0.758106	0.7444868	0.73254746	0.72201455	0.7127042	0.70445997	0.6971489	0.6906558	0.68488145	0.67974055	0.67515934	0.6710726	0.6674237	0.6641635	0.66124845
1.8617672	1.7145638	1.567201	1.4232992	1.2860855	1.1577547	1.0394747	0.9316172	0.83400625	0.7463127	0.66703135	0.5958783	0.5327731	0.47674286	0.42630404	0.38113776	0.34116662	0.30558184	0.27380085	0.24540494	0.22002171	0.19732222	0.17701337	0.15883453	0.14255589	0.12797438	0.11490752	0.10319319	0.09268847	0.08326575
0.0	0.12263162	0.20782742	0.26680785	0.30749357	0.33543888	0.35451466	0.36741412	0.3760056	0.3812114	0.38481086	0.38717726	0.3883148	0.38854256	0.38840333	0.38801345	0.38738024	0.38661242	0.38578528	0.38493755	0.38409558	0.38327694	0.3824934	0.381752	0.3810565	0.3804085	0.3798082	0.37925446	0.37874547	0.37827906
0.0	0.010421774	0.03189854	0.055758473	0.078167945	0.09771497	0.11413366	0.12764779	0.13865492	0.14736436	0.1546355	0.16066515	0.1654686	0.16926649	0.17244849	0.17511009	0.1772629	0.17903186	0.18050392	0.1817345	0.18276775	0.18363881	0.18437634	0.1850034	0.18553849	0.18599668	0.1863906	0.18673037	0.18702435	0.18727948
0.0	0.001242713	0.007647241	0.020047748	0.03728408	0.057714596	0.079836845	0.102480106	0.12481517	0.14650479	0.16688466	0.18579377	0.20324737	0.21931626	0.23405428	0.24746528	0.25956485	0.27050307	0.28039107	0.28931856	0.29737148	0.30463016	0.31116924	0.31705797	0.3223593	0.32713032	0.33142343	0.33528626	0.3387615	0.3418878
0.0	0.1472033	0.2945662	0.43846807	0.5756817	0.7040126	0.8222925	0.93015003	1.0277609	1.1154546	1.1947359	1.2658889	1.3289942	1.3850243	1.4354632	1.4806294	1.5206006	1.5561854	1.5879663	1.6163622	1.6417454	1.6644449	1.6847539	1.7029327	1.7192113	1.7337928	1.7468597	1.758574	1.7690787	1.7785015
0.68717575	0.6482033	0.61238736	0.57947665	0.54923606	0.52144367	0.49589086	0.47238237	0.45073664	0.43078604	0.4123767	0.39536807	0.37963232	0.36509565	0.35176185	0.33918664	0.32736996	0.31631187	0.30601227	0.29646966	0.2875708	0.27940986	0.27164802	0.2642578	0.25723922	0.2505923	0.24431698	0.23841332	0.2328813	0.22768056
1.6136318	1.5722228	1.5292673	1.4849713	1.4397079	1.39391	1.3480067	1.3023872	1.2573835	1.2132659	1.1702452	1.128477	1.0880706	1.049111	1.0116953	0.97570467	0.9411392	0.9079988	0.8762834	0.84598494	0.8169722	0.7895123	0.763109	0.73772115	0.71334857	0.6899914	0.66764957	0.646323	0.6260119	0.60659754
0.0	0.036723707	0.06651276	0.09054814	0.10982142	0.12516396	0.13727066	0.14671989	0.15399191	0.1594833	0.1635219	0.16637702	0.16826986	0.16933942	0.16963468	0.16963509	0.16934066	0.16875136	0.16786721	0.1666864	0.16528586	0.16367628	0.16203788	0.16038473	0.15871686	0.15703425	0.15533689	0.1536248	0.15189797	0.15015426
0.0	0.0020608492	0.0069750757	0.013340351	0.02025227	0.027146496	0.033688255	0.039695695	0.045085073	0.049836457	0.053966578	0.05751411	0.06052927	0.06304058	0.06503572	0.06676998	0.06824336	0.06945586	0.07040749	0.07109857	0.0715834	0.0718255	0.07198462	0.072073646	0.072092585	0.07204144	0.07192019	0.07172885	0.07146742	0.07114271
0.0	0.00018784874	0.0013005392	0.0038105513	0.007865987	0.013421602	0.020325966	0.028377777	0.037362095	0.047069915	0.057310533	0.06791653	0.07874427	0.08970009	0.10074347	0.11158402	0.12222174	0.13265665	0.14288872	0.1529211	0.16273566	0.17226408	0.18150522	0.19045955	0.19912706	0.20750776	0.21560165	0.22340876	0.23092903	0.23819818
0.0	0.04140895	0.08436453	0.1286605	0.17392391	0.21972176	0.26562506	0.3112446	0.35624835	0.40036595	0.44338664	0.48515484	0.5255612	0.56452084	0.6019365	0.6379271	0.6724926	0.70563304	0.7373484	0.76764685	0.79665965	0.8241195	0.85052276	0.8759107	0.9002832	0.9236404	0.9459822	0.96730876	0.98761994	1.0070342
0.7882327	0.7381309	0.6927768	0.651725	0.6145628	0.5809065	0.55040157	0.5227227	0.49757415	0.4746888	0.45382717	0.43477535	0.41751355	0.40173146	0.3869785	0.3732547	0.36056003	0.3488945	0.33822784	0.32845664	0.31947094	0.31095454	0.30290744	0.29532963	0.28822112	0.2815819	0.275412	0.2696931	0.26432595	0.25927365
1.6136268	1.5600047	1.5045033	1.4475827	1.3899065	1.3321685	1.2749994	1.2189264	1.1643604	1.1116031	1.060859	1.012253	0.96592927	0.92184615	0.8798086	0.83981663	0.8018702	0.76596934	0.7320373	0.70003635	0.66986924	0.6410296	0.6135175	0.58733296	0.562476	0.5389465	0.51674455	0.4957958	0.475898	0.45698753
0.0	0.04686522	0.08371545	0.11251298	0.13485564	0.15204084	0.1651175	0.17493007	0.1821549	0.18733343	0.19089657	0.19318734	0.19431499	0.19464535	0.1946283	0.19426385	0.19355199	0.19249272	0.19108722	0.18944623	0.18765995	0.18587543	0.18409269	0.1823117	0.18053249	0.17875504	0.17697936	0.17519611	0.17343543	0.17171293
0.0	0.0029527037	0.009813196	0.018452888	0.027578011	0.03643835	0.04463084	0.051969334	0.058399312	0.06394101	0.06865557	0.072623454	0.07582982	0.078432284	0.080687694	0.08259604	0.084157325	0.08537155	0.08625055	0.0868452	0.08720771	0.08748634	0.08768108	0.08779191	0.08781886	0.087761916	0.08762108	0.08739543	0.08712047	0.08681191
0.0	0.00028385373	0.0019272398	0.005541791	0.011236222	0.018846963	0.02808276	0.03861058	0.050104324	0.062269427	0.07485338	0.08764654	0.10057432	0.113423586	0.12593818	0.1381181	0.14996333	0.1614739	0.17266709	0.18348463	0.19389409	0.20391637	0.21355149	0.22279944	0.23166022	0.2401338	0.24822025	0.25594804	0.2633508	0.2704342
0.0	0.05362219	0.10912356	0.16604413	0.22372033	0.28145844	0.33862746	0.39470047	0.4492665	0.50202376	0.5527679	0.60137385	0.6476976	0.6917807	0.73381823	0.7738102	0.8117566	0.8476575	0.8815896	0.9135905	0.94375765	0.97259724	1.0001093	1.0262939	1.0511509	1.0746803	1.0968822	1.1178311	1.1377288	1.1566393
0.6214926	0.59817916	0.57636523	0.555956	0.53686196	0.51899815	0.502284	0.48664293	0.47200248	0.4582943	0.4454539	0.4334209	0.42213875	0.41155463	0.40161937	0.3922874	0.38351622	0.37526655	0.367502	0.360189	0.35329658	0.34679592	0.34066033	0.33486533	0.3293736	0.3240069	0.31876513	0.3136483	0.30865645	0.30603775
0.8715929	0.84734625	0.82281715	0.7980676	0.7731902	0.7482918	0.72348285	0.69886994	0.674551	0.6506129	0.62713003	0.6041644	0.5817661	0.5599738	0.53881586	0.5183118	0.49847388	0.47930735	0.46081176	0.4429819	0.42580885	0.40928125	0.39338535	0.37810498	0.3633215	0.3488047	0.33455446	0.32057077	0.30685365	0.2981995
0.0	0.022424905	0.041799374	0.058520317	0.07293462	0.08534557	0.09601815	0.10518361	0.113043405	0.119772874	0.12552442	0.13042998	0.13460433	0.13814682	0.1411432	0.14366749	0.14578433	0.14754955	0.14901102	0.15021013	0.1511826	0.15196002	0.15256973	0.1530349	0.15335086	0.15363154	0.15387702	0.15408729	0.15426235	0.15376876
0.0	0.00084395986	0.0030076099	0.0060438956	0.009620038	0.01349114	0.017479608	0.021458963	0.025341682	0.029069232	0.032604486	0.03592671	0.03902615	0.04190119	0.044556264	0.046999637	0.049241487	0.051293574	0.05316871	0.054879613	0.056438852	0.057858463	0.05914992	0.060324162	0.061383996	0.062405925	0.063389994	0.064336196	0.06524453	0.06543374
0.0	4.460459e-5	0.00032038905	0.0009723878	0.0020760016	0.0036577429	0.0057108807	0.00820713	0.011105044	0.014356229	0.017909823	0.02171501	0.025723383	0.029889978	0.034173764	0.038538102	0.042950563	0.04738294	0.051810898	0.056213886	0.060574576	0.06487823	0.06911265	0.07326823	0.077384174	0.081448264	0.08546048	0.08942082	0.09332927	0.096252374
0.0	0.024246639	0.048775762	0.07352527	0.0984027	0.12330109	0.14811	0.17272294	0.1970419	0.22098002	0.24446285	0.26742843	0.28982678	0.31161913	0.33277702	0.35328105	0.373119	0.39228553	0.41078115	0.428611	0.44578403	0.46231163	0.47820753	0.4934879	0.5082714	0.52278817	0.53703845	0.5510221	0.5647392	0.57339334
0.967629	0.91082317	0.85929984	0.81257665	0.7702063	0.731772	0.69688725	0.6651961	0.63637346	0.61012447	0.5861835	0.56431246	0.5443435	0.52639455	0.50957006	0.49387017	0.4792948	0.46584395	0.45351762	0.44223958	0.43191352	0.42231265	0.41324383	0.40470707	0.39670238	0.38922977	0.38228923	0.37586462	0.36985308	0.36421072
1.6656123	1.6051223	1.5429722	1.4796156	1.4157221	1.3519977	1.2890869	1.2275295	1.1677464	1.1100466	1.0546381	1.0016454	0.9511488	0.9032911	0.85768276	0.8143236	0.77321386	0.73435336	0.6977421	0.6632097	0.63075644	0.6000549	0.5708098	0.543021	0.51668864	0.49181262	0.46839294	0.44637582	0.4255421	0.40581042
0.0	0.05341334	0.096	0.12981004	0.15652347	0.17751448	0.1939028	0.2065972	0.21633191	0.22369945	0.22917593	0.23314297	0.23586367	0.23727903	0.23830432	0.23893955	0.23918469	0.23903978	0.2385048	0.23759462	0.23643388	0.2351515	0.23384683	0.23251987	0.23117061	0.22979905	0.22840519	0.22698547	0.22556883	0.22417256
0.0	0.0031007684	0.010347387	0.019540269	0.029331047	0.03892742	0.047894195	0.056021385	0.06323691	0.06954903	0.07501051	0.07969679	0.083665736	0.0868242	0.08963853	0.092108704	0.094234735	0.096016616	0.097454354	0.09857643	0.0994228	0.10008871	0.10065937	0.10113479	0.10151496	0.10179988	0.10198956	0.102085724	0.10211993	0.10210777
0.0	0.0002917243	0.0019817825	0.005702067	0.011568217	0.019415112	0.028944759	0.039814305	0.05168671	0.06425606	0.07725911	0.090476796	0.103756145	0.11713126	0.13011608	0.1427106	0.15491477	0.16672866	0.17815225	0.1892184	0.1998588	0.21007615	0.21987899	0.22926728	0.23824106	0.2468003	0.25494504	0.2626932	0.27008718	0.27713794
0.0	0.06049005	0.12264012	0.18599677	0.24989021	0.31361467	0.37652546	0.43808287	0.49786586	0.5555657	0.61097425	0.66396695	0.7144636	0.76232123	0.80792964	0.85128874	0.8923985	0.93125904	0.96787024	1.0024027	1.0348558	1.0655574	1.0948025	1.1225913	1.1489238	1.1737998	1.1972194	1.2192365	1.2400702	1.259802
1.9647524	1.8480834	1.7501504	1.6679448	1.5989084	1.5408783	1.4920373	1.4508708	1.4161165	1.3867306	1.361845	1.340738	1.3228148	1.3075757	1.2946454	1.2834764	1.273972	1.2659478	1.2590954	1.2532394	1.248233	1.2439504	1.2402854	1.2371483	1.2344619	1.2321609	1.23019	1.2285016	1.2270544	1.2258139
1.1551924	1.031007	0.9137981	0.8049812	0.7055001	0.6157325	0.53558224	0.4646144	0.40219003	0.3475592	0.29994312	0.25856772	0.22270532	0.1916841	0.16492526	0.1415847	0.121526025	0.10441386	0.08968997	0.077025376	0.06613804	0.05678111	0.04874141	0.041836023	0.035905596	0.030812897	0.02644153	0.022689559	0.019468693	0.016704325
0.0	0.10964457	0.19084717	0.25138775	0.29686376	0.3313041	0.35761526	0.3778924	0.39366245	0.4060305	0.41581494	0.42361844	0.429886	0.4349576	0.4390505	0.44247833	0.4453021	0.44760245	0.44951487	0.45111132	0.45244834	0.4535719	0.45451853	0.4553179	0.4559945	0.4565682	0.45705527	0.4574694	0.45782205	0.45812264
0.0	0.006532664	0.020717302	0.037436135	0.054112125	0.06955454	0.08330479	0.09528237	0.10558068	0.11437149	0.12184313	0.12818149	0.13355377	0.13810693	0.1419531	0.14526393	0.14807056	0.15043066	0.15243885	0.1541494	0.15560745	0.15685134	0.15791331	0.1588204	0.15959571	0.16025876	0.16082585	0.1613111	0.16172656	0.16208233
0.0	0.00049181865	0.003037507	0.007983732	0.014868094	0.023015585	0.031795103	0.040706962	0.04939286	0.057619903	0.06524937	0.072214425	0.07849784	0.084112294	0.08910348	0.09353385	0.09740772	0.1007716	0.10370329	0.106252305	0.10846372	0.11037891	0.11203528	0.11346588	0.114700295	0.115764596	0.11668131	0.11747041	0.118149504	0.11873359
0.0	0.12418535	0.2413943	0.35021123	0.4496923	0.53945994	0.6196102	0.69057804	0.7530024	0.8076332	0.8552493	0.8966247	0.9324871	0.9635083	0.99026716	1.0136077	1.0336664	1.0507785	1.0655024	1.0781671	1.0890543	1.0984113	1.106451	1.1133564	1.1192868	1.1243795	1.1287509	1.1325028	1.1357237	1.138488
0.8110996	0.7869564	0.76422465	0.7428237	0.7226777	0.7037145	0.6858652	0.66906434	0.6532493	0.6383606	0.6243417	0.6111392	0.5987024	0.5869835	0.5759376	0.5655225	0.55569845	0.54642844	0.53767765	0.5294136	0.5216058	0.5142259	0.5072475	0.50064605	0.49439853	0.48848334	0.4828803	0.4775707	0.47251964	0.46776274
0.8433685	0.81846136	0.7935018	0.76852703	0.74359703	0.71878415	0.69416505	0.66981566	0.6458075	0.62220544	0.5990666	0.5764395	0.5543644	0.53287333	0.511991	0.4917352	0.47211745	0.4531435	0.434815	0.41712964	0.40008155	0.38366163	0.3678588	0.35265973	0.3380501	0.32401472	0.31053734	0.29760095	0.28515172	0.27327716
0.0	0.023411728	0.04411875	0.06243038	0.07862088	0.09293377	0.1055853	0.11676737	0.12665035	0.13538507	0.14310512	0.14992887	0.15596068	0.16129264	0.16600652	0.17017424	0.1738592	0.17711689	0.17999679	0.18254283	0.18479344	0.18678229	0.18853927	0.1900903	0.1914589	0.19266604	0.19373026	0.19466765	0.19549817	0.1962162
0.0	0.00069889333	0.0025207468	0.005125465	0.008252433	0.011703448	0.01532904	0.01901819	0.022689229	0.026283855	0.029761422	0.033094477	0.03626628	0.03926788	0.042095404	0.044749532	0.04723403	0.04955478	0.05171873	0.053733543	0.05560759	0.05734965	0.05896811	0.060471248	0.061867002	0.06316293	0.064366244	0.065483786	0.066526815	0.06748691
0.0	3.2531916e-5	0.00023546972	0.0007200427	0.0015485489	0.0027478754	0.0043200147	0.006249678	0.0085107125	0.01107007	0.013891297	0.016937051	0.020170277	0.023555582	0.027060037	0.03065332	0.03430792	0.037999496	0.04170641	0.045409635	0.049092766	0.052741744	0.05634472	0.059891973	0.06337515	0.06678728	0.070122786	0.07337742	0.07655498	0.07963375
0.0	0.024907112	0.049866654	0.07484144	0.099771395	0.124584295	0.14920342	0.17355278	0.19756094	0.22116299	0.24430186	0.26692897	0.28900406	0.31049514	0.33137745	0.35163328	0.37125102	0.39022493	0.40855348	0.4262388	0.44328693	0.4597068	0.47550964	0.49070874	0.50531834	0.51935375	0.5328311	0.5457675	0.55821675	0.5700913
1.7886937	1.7155807	1.6514755	1.5952789	1.5460184	1.5028337	1.4649659	1.4317478	1.402594	1.3769923	1.3544978	1.3347201	1.3173199	1.302003	1.2885126	1.2766232	1.2661387	1.2568897	1.2487282	1.2415221	1.2351799	1.229528	1.2244916	1.2200707	1.2161947	1.2127671	1.2097347	1.2070514	1.2046769	1.202575
0.8899093	0.81360495	0.740976	0.6724059	0.60820675	0.5485676	0.4935495	0.44309992	0.3970788	0.3552807	0.3174574	0.28333873	0.25264087	0.22508135	0.20038651	0.17829329	0.1585513	0.14093152	0.12522253	0.11122829	0.09879928	0.087652154	0.07767417	0.06886527	0.061098382	0.05420093	0.04807586	0.04263823	0.037812214	0.033529546
0.0	0.07007902	0.1265355	0.17219779	0.2092849	0.23954074	0.26433864	0.28475854	0.30165508	0.31570327	0.3274361	0.33728185	0.34558064	0.3526032	0.35856932	0.36365873	0.3680151	0.3717551	0.37497514	0.37775648	0.38014886	0.38224623	0.38409325	0.38568994	0.3870686	0.38827372	0.38932893	0.39025402	0.39106593	0.3917793
0.0	0.0028764927	0.009649914	0.018345272	0.027753515	0.0371565	0.046145897	0.054511093	0.06215843	0.06906859	0.075263664	0.08078617	0.085691474	0.0900377	0.09388172	0.09727775	0.100276686	0.102923706	0.105259515	0.10732086	0.10913352	0.11074749	0.11218454	0.113444686	0.11454849	0.11552368	0.11638567	0.11714773	0.11782157	0.11841756
0.0	0.00015746494	0.0010326745	0.0028716975	0.0056368867	0.009162669	0.013243131	0.017676223	0.02228619	0.02692939	0.031496175	0.035905465	0.04010162	0.04404979	0.047730017	0.051133934	0.054263175	0.057125103	0.059730873	0.062094282	0.06423138	0.06617199	0.067924276	0.06948825	0.07088179	0.07212911	0.0732444	0.074240535	0.07512935	0.07592178
0.0	0.0763044	0.14893337	0.21750343	0.28170258	0.34134173	0.39635983	0.4468094	0.49283051	0.5346286	0.57245195	0.6065706	0.6372684	0.66482794	0.6895228	0.71161604	0.731358	0.7489778	0.76468676	0.77868104	0.79111004	0.8022572	0.8122352	0.821044	0.82881093	0.8357084	0.8418335	0.8472711	0.8520971	0.8563798
0.52933997	0.490936	0.45656988	0.42581135	0.3982664	0.3735754	0.35141256	0.33148545	0.3135334	0.29732585	0.28265953	0.2693564	0.25726032	0.24642193	0.23643756	0.22712767	0.21849228	0.21053138	0.20324497	0.19660379	0.1905453	0.18495753	0.17966542	0.17466895	0.16996814	0.165563	0.1614535	0.15763965	0.15410504	0.15078586
1.1794521	1.1380037	1.0950487	1.0511189	1.0068307	0.9627697	0.9194351	0.8772207	0.8364156	0.79721695	0.7597451	0.72405833	0.69017	0.65821797	0.6279227	0.59913903	0.5718669	0.54610634	0.52185726	0.49903837	0.47763193	0.457468	0.43821168	0.41986296	0.40242183	0.3858883	0.37026235	0.355544	0.34166732	0.3284931
0.0	0.035582565	0.06264601	0.083048776	0.09826325	0.10945088	0.11752347	0.123193435	0.12701584	0.1294214	0.13074498	0.13124451	0.13112125	0.13039273	0.12939796	0.1282747	0.1270229	0.12564263	0.12413385	0.12249381	0.12078913	0.11907283	0.11739408	0.1157529	0.114149265	0.1125832	0.111054674	0.109563716	0.10810218	0.10668251
0.0	0.002598408	0.008614885	0.016155079	0.024072748	0.031709593	0.038718306	0.044945303	0.050351508	0.054964457	0.058844414	0.06206793	0.064714395	0.06673451	0.06838196	0.06977448	0.07091207	0.07179475	0.0724225	0.07280718	0.07298557	0.073017575	0.0729951	0.07291813	0.07278669	0.07260075	0.07236034	0.072065435	0.07171567	0.07133831
0.0	0.00022300064	0.0015091986	0.0043247603	0.008737561	0.014604113	0.021685634	0.029715791	0.03843921	0.04762827	0.05709106	0.066671126	0.07624401	0.0857908	0.095122494	0.10416313	0.1129127	0.12137121	0.12953866	0.13743518	0.14501996	0.15229203	0.15928537	0.166	0.17243588	0.17859302	0.18447146	0.19007117	0.19541708	0.2005333
0.0	0.04144838	0.08440337	0.12833321	0.17262143	0.21668239	0.26001698	0.30223143	0.3430365	0.38223514	0.41970697	0.45539376	0.48928207	0.52123415	0.55152935	0.580313	0.60758513	0.6333458	0.6575948	0.6804137	0.7018202	0.7219841	0.7412404	0.75958914	0.7770303	0.7935638	0.80918974	0.8239081	0.83778477	0.850959
1.9408264	1.8372128	1.7466519	1.6675254	1.5983951	1.5379814	1.4851532	1.4389178	1.3984079	1.3628725	1.3316594	1.3042065	1.2800311	1.2587134	1.2400314	1.2233108	1.2083572	1.1951702	1.1836373	1.1734576	1.1642867	1.1561241	1.1489472	1.1425794	1.1369103	1.1318607	1.1273608	1.1233492	1.1197718	1.1165804
1.4332976	1.3236357	1.2166349	1.1133556	1.0148576	0.9219698	0.83522576	0.75488126	0.6809644	0.6133298	0.55171824	0.4957892	0.4451612	0.39943847	0.3583238	0.3209841	0.28721237	0.2570086	0.23016584	0.20613723	0.18435843	0.16482823	0.14750119	0.13201755	0.118150935	0.10573469	0.09461831	0.08466718	0.07576028	0.06778835
0.0	0.09798941	0.17443351	0.23421238	0.28109482	0.3179905	0.34714273	0.37027803	0.38872582	0.40350604	0.41541135	0.42504933	0.43288913	0.43930244	0.44444606	0.44880614	0.4525375	0.45564014	0.45816234	0.46024126	0.462057	0.46361	0.4649078	0.4660118	0.46695948	0.4677758	0.46848118	0.4690924	0.46962348	0.4700862
0.0	0.0052001323	0.016994001	0.031536076	0.046664417	0.06122631	0.07466217	0.08675362	0.0974706	0.10688196	0.115098976	0.12225261	0.1284713	0.13387495	0.13851921	0.14262079	0.14624755	0.14939949	0.15211086	0.15446362	0.15656579	0.15841763	0.16002539	0.16143714	0.1626825	0.1637825	0.16475528	0.16561644	0.16637951	0.16705635
0.0	0.00042411764	0.0027470833	0.0075525222	0.0146721285	0.023628265	0.033868287	0.04487705	0.05622208	0.06756597	0.07865672	0.08931797	0.09943493	0.108935624	0.11782981	0.12608863	0.13368423	0.14061664	0.14691593	0.15266399	0.1579169	0.16267474	0.16694598	0.17079802	0.17427409	0.1774074	0.18022922	0.18276842	0.18505163	0.18710348
0.0	0.109662026	0.21666276	0.3199421	0.41844004	0.5113279	0.59807193	0.67841643	0.7523333	0.81996787	0.88157946	0.93750846	0.98813653	1.0338593	1.074974	1.1123136	1.1460853	1.1762891	1.2031319	1.2271605	1.2489393	1.2684695	1.2857965	1.3012801	1.3151468	1.327563	1.3386794	1.3486305	1.3575374	1.3655094
1.5686948	1.4343987	1.3213216	1.2260808	1.1457492	1.0778264	1.0202097	0.9711528	0.9292191	0.89361423	0.86236376	0.8350586	0.81166404	0.7915695	0.7737887	0.758106	0.7444868	0.73254746	0.72201455	0.7127042	0.70445997	0.6971489	0.6906558	0.68488145	0.67974055	0.67515934	0.6710726	0.6674237	0.6641635	0.66124845
1.8617672	1.7145638	1.567201	1.4232992	1.2860855	1.1577547	1.0394747	0.9316172	0.83400625	0.7463127	0.66703135	0.5958783	0.5327731	0.47674286	0.42630404	0.38113776	0.34116662	0.30558184	0.27380085	0.24540494	0.22002171	0.19732222	0.17701337	0.15883453	0.14255589	0.12797438	0.11490752	0.10319319	0.09268847	0.08326575
0.0	0.12263162	0.20782742	0.26680785	0.30749357	0.33543888	0.35451466	0.36741412	0.3760056	0.3812114	0.38481086	0.38717726	0.3883148	0.38854256	0.38840333	0.38801345	0.38738024	0.38661242	0.38578528	0.38493755	0.38409558	0.38327694	0.3824934	0.381752	0.3810565	0.3804085	0.3798082	0.37925446	0.37874547	0.37827906
0.0	0.010421774	0.03189854	0.055758473	0.078167945	0.09771497	0.11413366	0.12764779	0.13865492	0.14736436	0.1546355	0.16066515	0.1654686	0.16926649	0.17244849	0.17511009	0.1772629	0.17903186	0.18050392	0.1817345	0.18276775	0.18363881	0.18437634	0.1850034	0.18553849	0.18599668	0.1863906	0.18673037	0.18702435	0.18727948
0.0	0.001242713	0.007647241	0.020047748	0.03728408	0.057714596	0.079836845	0.102480106	0.12481517	0.14650479	0.16688466	0.18579377	0.20324737	0.21931626	0.23405428	0.24746528	0.25956485	0.27050307	0.28039107	0.28931856	0.29737148	0.30463016	0.31116924	0.31705797	0.3223593	0.32713032	0.33142343	0.33528626	0.3387615	0.3418878
0.0	0.1472033	0.2945662	0.43846807	0.5756817	0.7040126	0.8222925	0.93015003	1.0277609	1.1154546	1.1947359	1.2658889	1.3289942	1.3850243	1.4354632	1.4806294	1.5206006	1.5561854	1.5879663	1.6163622	1.6417454	1.6644449	1.6847539	1.7029327	1.7192113	1.7337928	1.7468597	1.758574	1.7690787	1.7785015
0.68717575	0.6482033	0.61238736	0.57947665	0.54923606	0.52144367	0.49589086	0.47238237	0.45073664	0.43078604	0.4123767	0.39536807	0.37963232	0.36509565	0.35176185	0.33918664	0.32736996	0.31631187	0.30601227	0.29646966	0.2875708	0.27940986	0.27164802	0.2642578	0.25723922	0.2505923	0.24431698	0.23841332	0.2328813	0.22768056
1.6136318	1.5722228	1.5292673	1.4849713	1.4397079	1.39391	1.3480067	1.3023872	1.2573835	1.2132659	1.1702452	1.128477	1.0880706	1.049111	1.0116953	0.97570467	0.9411392	0.9079988	0.8762834	0.84598494	0.8169722	0.7895123	0.763109	0.73772115	0.71334857	0.6899914	0.66764957	0.646323	0.6260119	0.60659754
0.0	0.036723707	0.06651276	0.09054814	0.10982142	0.12516396	0.13727066	0.14671989	0.15399191	0.1594833	0.1635219	0.16637702	0.16826986	0.16933942	0.16963468	0.16963509	0.16934066	0.16875136	0.16786721	0.1666864	0.16528586	0.16367628	0.16203788	0.16038473	0.15871686	0.15703425	0.15533689	0.1536248	0.15189797	0.15015426
0.0	0.0020608492	0.0069750757	0.013340351	0.02025227	0.027146496	0.033688255	0.039695695	0.045085073	0.049836457	0.053966578	0.05751411	0.06052927	0.06304058	0.06503572	0.06676998	0.06824336	0.06945586	0.07040749	0.07109857	0.0715834	0.0718255	0.07198462	0.072073646	0.072092585	0.07204144	0.07192019	0.07172885	0.07146742	0.07114271
0.0	0.00018784874	0.0013005392	0.0038105513	0.007865987	0.013421602	0.020325966	0.028377777	0.037362095	0.047069915	0.057310533	0.06791653	0.07874427	0.08970009	0.10074347	0.11158402	0.12222174	0.13265665	0.14288872	0.1529211	0.16273566	0.17226408	0.18150522	0.19045955	0.19912706	0.20750776	0.21560165	0.22340876	0.23092903	0.23819818
0.0	0.04140895	0.08436453	0.1286605	0.17392391	0.21972176	0.26562506	0.3112446	0.35624835	0.40036595	0.44338664	0.48515484	0.5255612	0.56452084	0.6019365	0.6379271	0.6724926	0.70563304	0.7373484	0.76764685	0.79665965	0.8241195	0.85052276	0.8759107	0.9002832	0.9236404	0.9459822	0.96730876	0.98761994	1.0070342
0.7882327	0.7381309	0.6927768	0.651725	0.6145628	0.5809065	0.55040157	0.5227227	0.49757415	0.4746888	0.45382717	0.43477535	0.41751355	0.40173146	0.3869785	0.3732547	0.36056003	0.3488945	0.33822784	0.32845664	0.31947094	0.31095454	0.30290744	0.29532963	0.28822112	0.2815819	0.275412	0.2696931	0.26432595	0.25927365
1.6136268	1.5600047	1.5045033	1.4475827	1.3899065	1.3321685	1.2749994	1.2189264	1.1643604	1.1116031	1.060859	1.012253	0.96592927	0.92184615	0.8798086	0.83981663	0.8018702	0.76596934	0.7320373	0.70003635	0.66986924	0.6410296	0.6135175	0.58733296	0.562476	0.5389465	0.51674455	0.4957958	0.475898	0.45698753
0.0	0.04686522	0.08371545	0.11251298	0.13485564	0.15204084	0.1651175	0.17493007	0.1821549	0.18733343	0.19089657	0.19318734	0.19431499	0.19464535	0.1946283	0.19426385	0.19355199	0.19249272	0.19108722	0.18944623	0.18765995	0.18587543	0.18409269	0.1823117	0.18053249	0.17875504	0.17697936	0.17519611	0.17343543	0.17171293
0.0	0.0029527037	0.009813196	0.018452888	0.027578011	0.03643835	0.04463084	0.051969334	0.058399312	0.06394101	0.06865557	0.072623454	0.07582982	0.078432284	0.080687694	0.08259604	0.084157325	0.08537155	0.08625055	0.0868452	0.08720771	0.08748634	0.08768108	0.08779191	0.08781886	0.087761916	0.08762108	0.08739543	0.08712047	0.08681191
0.0	0.00028385373	0.0019272398	0.005541791	0.011236222	0.018846963	0.02808276	0.03861058	0.050104324	0.062269427	0.07485338	0.08764654	0.10057432	0.113423586	0.12593818	0.1381181	0.14996333	0.1614739	0.17266709	0.18348463	0.19389409	0.20391637	0.21355149	0.22279944	0.23166022	0.2401338	0.24822025	0.25594804	0.2633508	0.2704342
0.0	0.05362219	0.10912356	0.16604413	0.22372033	0.28145844	0.33862746	0.39470047	0.4492665	0.50202376	0.5527679	0.60137385	0.6476976	0.6917807	0.73381823	0.7738102	0.8117566	0.8476575	0.8815896	0.9135905	0.94375765	0.97259724	1.0001093	1.0262939	1.0511509	1.0746803	1.0968822	1.1178311	1.1377288	1.1566393
0.6214926	0.59817916	0.57636523	0.555956	0.53686196	0.51899815	0.502284	0.48664293	0.47200248	0.4582943	0.4454539	0.4334209	0.42213875	0.41155463	0.40161937	0.3922874	0.38351622	0.37526655	0.367502	0.360189	0.35329658	0.34679592	0.34066033	0.33486533	0.3293736	0.3240069	0.31876513	0.3136483	0.30865645	0.30603775
0.8715929	0.84734625	0.82281715	0.7980676	0.7731902	0.7482918	0.72348285	0.69886994	0.674551	0.6506129	0.62713003	0.6041644	0.5817661	0.5599738	0.53881586	0.5183118	0.49847388	0.47930735	0.46081176	0.4429819	0.42580885	0.40928125	0.39338535	0.37810498	0.3633215	0.3488047	0.33455446	0.32057077	0.30685365	0.2981995
0.0	0.022424905	0.041799374	0.058520317	0.07293462	0.08534557	0.09601815	0.10518361	0.113043405	0.119772874	0.12552442	0.13042998	0.13460433	0.13814682	0.1411432	0.14366749	0.14578433	0.14754955	0.14901102	0.15021013	0.1511826	0.15196002	0.15256973	0.1530349	0.15335086	0.15363154	0.15387702	0.15408729	0.15426235	0.15376876
0.0	0.00084395986	0.0030076099	0.0060438956	0.009620038	0.01349114	0.017479608	0.021458963	0.025341682	0.029069232	0.032604486	0.03592671	0.03902615	0.04190119	0.044556264	0.046999637	0.049241487	0.051293574	0.05316871	0.054879613	0.056438852	0.057858463	0.05914992	0.060324162	0.061383996	0.062405925	0.063389994	0.064336196	0.06524453	0.06543374
0.0	4.460459e-5	0.00032038905	0.0009723878	0.0020760016	0.0036577429	0.0057108807	0.00820713	0.011105044	0.014356229	0.017909823	0.02171501	0.025723383	0.029889978	0.034173764	0.038538102	0.042950563	0.04738294	0.051810898	0.056213886	0.060574576	0.06487823	0.06911265	0.07326823	0.077384174	0.081448264	0.08546048	0.08942082	0.09332927	0.096252374
0.0	0.024246639	0.048775762	0.07352527	0.0984027	0.12330109	0.14811	0.17272294	0.1970419	0.22098002	0.24446285	0.26742843	0.28982678	0.31161913	0.33277702	0.35328105	0.373119	0.39228553	0.41078115	0.428611	0.44578403	0.46231163	0.47820753	0.4934879	0.5082714	0.52278817	0.53703845	0.5510221	0.5647392	0.57339334
0.967629	0.91082317	0.85929984	0.81257665	0.7702063	0.731772	0.69688725	0.6651961	0.63637346	0.61012447	0.5861835	0.56431246	0.5443435	0.52639455	0.50957006	0.49387017	0.4792948	0.46584395	0.45351762	0.44223958	0.43191352	0.42231265	0.41324383	0.40470707	0.39670238	0.38922977	0.38228923	0.37586462	0.36985308	0.36421072
1.6656123	1.6051223	1.5429722	1.4796156	1.4157221	1.3519977	1.2890869	1.2275295	1.1677464	1.1100466	1.0546381	1.0016454	0.9511488	0.9032911	0.85768276	0.8143236	0.77321386	0.73435336	0.6977421	0.6632097	0.63075644	0.6000549	0.5708098	0.543021	0.51668864	0.49181262	0.46839294	0.44637582	0.4255421	0.40581042
0.0	0.05341334	0.096	0.12981004	0.15652347	0.17751448	0.1939028	0.2065972	0.21633191	0.22369945	0.22917593	0.23314297	0.23586367	0.23727903	0.23830432	0.23893955	0.23918469	0.23903978	0.2385048	0.23759462	0.23643388	0.2351515	0.23384683	0.23251987	0.23117061	0.22979905	0.22840519	0.22698547	0.22556883	0.22417256
0.0	0.0031007684	0.010347387	0.019540269	0.029331047	0.03892742	0.047894195	0.056021385	0.06323691	0.06954903	0.07501051	0.07969679	0.083665736	0.0868242	0.08963853	0.092108704	0.094234735	0.096016616	0.097454354	0.09857643	0.0994228	0.10008871	0.10065937	0.10113479	0.10151496	0.10179988	0.10198956	0.102085724	0.10211993	0.10210777
0.0	0.0002917243	0.0019817825	0.005702067	0.011568217	0.019415112	0.028944759	0.039814305	0.05168671	0.06425606	0.07725911	0.090476796	0.103756145	0.11713126	0.13011608	0.1427106	0.15491477	0.16672866	0.17815225	0.1892184	0.1998588	0.21007615	0.21987899	0.22926728	0.23824106	0.2468003	0.25494504	0.2626932	0.27008718	0.27713794
0.0	0.06049005	0.12264012	0.18599677	0.24989021	0.31361467	0.37652546	0.43808287	0.49786586	0.5555657	0.61097425	0.66396695	0.7144636	0.76232123	0.80792964	0.85128874	0.8923985	0.93125904	0.96787024	1.0024027	1.0348558	1.0655574	1.0948025	1.1225913	1.1489238	1.1737998	1.1972194	1.2192365	1.2400702	1.259802
1.9647524	1.8480834	1.7501504	1.6679448	1.5989084	1.5408783	1.4920373	1.4508708	1.4161165	1.3867306	1.361845	1.340738	1.3228148	1.3075757	1.2946454	1.2834764	1.273972	1.2659478	1.2590954	1.2532394	1.248233	1.2439504	1.2402854	1.2371483	1.2344619	1.2321609	1.23019	1.2285016	1.2270544	1.2258139
1.1551924	1.031007	0.9137981	0.8049812	0.7055001	0.6157325	0.53558224	0.4646144	0.40219003	0.3475592	0.29994312	0.25856772	0.22270532	0.1916841	0.16492526	0.1415847	0.121526025	0.10441386	0.08968997	0.077025376	0.06613804	0.05678111	0.04874141	0.041836023	0.035905596	0.030812897	0.02644153	0.022689559	0.019468693	0.016704325
0.0	0.10964457	0.19084717	0.25138775	0.29686376	0.3313041	0.35761526	0.3778924	0.39366245	0.4060305	0.41581494	0.42361844	0.429886	0.4349576	0.4390505	0.44247833	0.4453021	0.44760245	0.44951487	0.45111132	0.45244834	0.4535719	0.45451853	0.4553179	0.4559945	0.4565682	0.45705527	0.4574694	0.45782205	0.45812264
0.0	0.006532664	0.020717302	0.037436135	0.054112125	0.06955454	0.08330479	0.09528237	0.10558068	0.11437149	0.12184313	0.12818149	0.13355377	0.13810693	0.1419531	0.14526393	0.14807056	0.15043066	0.15243885	0.1541494	0.15560745	0.15685134	0.15791331	0.1588204	0.15959571	0.16025876	0.16082585	0.1613111	0.16172656	0.16208233
0.0	0.00049181865	0.003037507	0.007983732	0.014868094	0.023015585	0.031795103	0.040706962	0.04939286	0.057619903	0.06524937	0.072214425	0.07849784	0.084112294	0.08910348	0.09353385	0.09740772	0.1007716	0.10370329	0.106252305	0.10846372	0.11037891	0.11203528	0.11346588	0.114700295	0.115764596	0.11668131	0.11747041	0.118149504	0.11873359
0.0	0.12418535	0.2413943	0.35021123	0.4496923	0.53945994	0.6196102	0.69057804	0.7530024	0.8076332	0.8552493	0.8966247	0.9324871	0.9635083	0.99026716	1.0136077	1.0336664	1.0507785	1.0655024	1.0781671	1.0890543	1.0984113	1.106451	1.1133564	1.1192868	1.1243795	1.1287509	1.1325028	1.1357237	1.138488
