1.7911348
2.174602
-1.3188906
2.2562017
-0.05048391
-0.09931791
-0.16708173
-0.22615941
-0.042592496
-0.48501432
0.8245667
-0.15444142
3.7982626
2.5802157
-1.8461797
-3.6766822
0.10724944
-0.43815705
-0.2660565
0.26192808
0.2837111
-0.033266775
0.3835258
0.05550224
-0.15169437
1.0255115
1.6005063
-1.3285627
-0.21005072
-0.24690694
-0.8900378
-0.24183235
-0.8653242
1.2269039
-0.39703894
0.30888113
0.7374136
0.67702127
-1.0175749
-1.3456416
-0.25561497
0.06564125
0.20595421
0.4425611
0.2043271
0.18879297
0.31734648
0.40929437
0.9008456
-0.58338064
-0.2619117
0.62302417
-0.7625052
-0.09051461
1.0234007
-0.1090268
0.24455412
-0.508272
-1.8733338
-0.43166453
0.11957792
0.22425376
-0.15828453
-0.64621514
0.040357962
-0.21251753
0.6140617
-0.11795341
-0.022390516
-0.51917946
-1.1912543
0.72460043
1.2807031
-0.29521412
-0.51605856
-0.7223822
0.7430482
0.021446738
-0.5333521
-0.3836859
0.28131464
-0.35459372
0.18849494
-0.41456777
-1.6829597
3.9047785
3.945338
4.063472
-2.4839904
-3.04521
-0.05375196
1.0808183
0.6639162
0.17544366
-2.0574656
-0.79189456
0.60401654
-0.07648823
0.17541878
-0.62002623
0.19443132
0.05055003
0.5707042
-1.4163387
1.8263355
3.1890438
-0.6197369
-2.1327894
1.069666
-0.67471635
0.07652805
1.5575964
-0.33928317
-0.8896668
1.8232869
0.0032687197
-1.2178245
4.096518
-0.029612154
-0.026603026
-0.4296569
-0.06760258
-1.1912469
0.65200394
0.78095645
0.262239
-0.092674345
0.08984536
0.24796608
1.0433707
-0.23413153
0.095875636
-4.230767
-1.977418
12.133188
-1.7398467
-0.96874505
1.8305451
-0.4777098
0.36131018
0.88420504
0.8750692
-0.8438896
-0.5759371
-0.3548484
0.07976958
0.5374968
0.5539605
-0.3626615
-0.23191419
-0.37715238
-1.2693415
-1.6378639
-1.354169
3.4186866
1.3130087
