-0.38368526
-0.3384113
-0.36762586
0.16154592
0.33704948
0.23837197
0.3111838
-0.24175955
0.168037
-0.09674141
-0.21273187
-0.09845277
0.3464914
0.41416284
-0.15549628
0.2117859
0.42975244
-0.38746482
-0.46363792
-0.2167438
-0.07367676
0.15418479
-0.1039719
-0.066121735
-0.46301648
-0.04992392
0.30143043
0.010161141
-0.3038807
-0.053072926
0.27372986
0.44384393
-0.3970995
0.4601242
-0.3200026
0.18797956
0.17642966
0.11538859
-0.16344854
0.14293937
0.41342133
0.30566895
-0.18204094
-0.35484502
0.15049411
0.44532704
0.1939367
0.0487767
0.35507002
-0.41228107
-0.41068244
0.2596295
-0.21245833
-0.11908025
-0.08926289
-0.3441652
-0.057570692
0.05307176
-0.34845454
0.07584067
-0.41521096
0.47974747
-0.36228526
-0.11230499
0.48396322
-0.14281382
-0.38338083
-0.47482562
0.19372757
-0.13098815
-0.27742973
0.3764922
-0.06857122
0.309503
0.21700823
0.123315394
0.38025162
-0.11979876
-0.42910758
0.013629949
-0.14635487
-0.28405184
0.42226386
0.042693485
0.08711982
-0.4281578
-0.22346261
0.32064658
0.33066764
-0.027684512
-0.041247614
0.10348246
0.11941901
0.018967211
0.3407717
-0.2159706
0.081790864
0.37736934
0.30503497
0.24347763
0.504069
0.0037206386
-0.45631868
-0.06626431
0.45961466
0.25229198
-0.20436691
-0.5750781
0.3272512
0.1182794
-0.115227126
-0.5000937
-0.038352124
0.32867816
0.039726086
0.2091315
-0.55266804
-0.027044505
0.2881418
-0.18494764
0.057810474
0.25126675
-0.12912245
0.18372455
0.05243816
0.34923196
0.05966415
-0.1784819
-0.430019
-0.026418468
0.39412138
-0.15334614
-0.47560385
-0.45684525
0.019386563
-0.18106018
0.19811459
0.092299074
0.2744921
0.26265875
-0.40303788
0.3056345
-0.5047746
-0.21886823
-0.32041663
0.40588713
0.4799298
0.27884457
-0.049084704
-0.4527001
0.1827517
-0.4362528
-0.53959775
0.04891498
0.4690584
0.40919864
