-0.015164564876599562	-0.015727736617150073	0.053485729152470476	0.01371876732704679	-0.0006109995445746353	0.016996446227907837	0.0
-0.00951993413911166	-0.012511190199851347	0.027573072879384927	0.014613230256993109	0.004235813621545234	0.013697881326746302	0.0
-0.006883363344565241	-0.010401764936105421	0.015912703382562194	0.012818212541695453	0.005823183993973373	0.011204355098244348	0.0
-0.003503953940153801	-0.006949416612017925	0.004894656563969026	0.007389576697055276	0.005884920555930548	0.007240839531668208	0.0
-0.0015281686827870056	-0.004489504467452035	0.0005463715254561874	0.00351718118398046	0.004529044844505611	0.004531667286320349	0.0
-0.055009566153169064	-0.046205842265410794	0.18819477527671682	0.013517433183273893	-0.008786905594865311	0.046294670557604195	0.0
-0.022926543498491925	-0.03125786933589356	0.06665270961037022	0.03978310111007826	0.009196369873640132	0.0337538210090644	0.0
-0.014019457182607468	-0.021100457024617488	0.03001649820788696	0.030652842451113688	0.011159241936784638	0.022711626115368665	0.0
-0.006320816416798378	-0.010568478961301288	0.009296397878615721	0.01534040946476193	0.007531391430625935	0.011179780714310153	0.0
-0.0043212941738317405	-0.007845523250706539	0.005348262930933794	0.011136956488469124	0.005930600219961066	0.00821990327408419	0.0
-0.026429041585275127	-0.026628653051939528	0.08564537977934591	0.02570935790182256	-0.000971277955735228	0.02750049764035539	0.0
-0.01486328777526473	-0.021473563026476267	0.030782257364203574	0.028808420556820948	0.012212650351331652	0.022905633742500667	0.0
-0.00954836769391297	-0.018953706784840554	0.00785165450330674	0.01899712837457382	0.020034627442965643	0.020318482510590832	0.0
-0.003847708311136806	-0.011033414032846363	-0.0014964777140526375	0.0060051186349248595	0.014748388944596385	0.01154488889004754	0.0
-0.0016595048818903013	-0.006296865195272192	-0.0017671615723638657	0.0019674122497138668	0.008561011211568648	0.0063706566647871435	0.0
-0.06843185025577218	-0.057940001991291526	0.228194385681588	0.01770102021252274	-0.008562535248453828	0.05762864278705052	0.0
-0.03340165260043938	-0.0503030892681698	0.08763932136686799	0.06991617197285457	0.020366793978629952	0.0542245627987947	0.0
-0.017572624579346066	-0.033648466782272	0.026260711216858957	0.04111664002618468	0.02817131946018299	0.03648691602231739	0.0
-0.005691721593987169	-0.012246636744483435	0.005527355765826938	0.01091160783105277	0.012576143858542358	0.012803376850411446	0.0
-0.0029724751416789676	-0.007229705899199639	0.00250532107603394	0.005773292467775399	0.007448361169271469	0.007372022974673253	0.0
-0.08044299602855252	-0.07373855107235841	0.25901510008767026	0.03964426047591908	-0.004135304860051639	0.0739127666375031	0.0
-0.04041491203230696	-0.07181052085382918	0.080488310607745	0.10705890021267991	0.04474220069194838	0.07827474846505277	0.0
-0.01677390195060413	-0.04183211011363901	0.007046585475647675	0.0377581078862438	0.04895731034064079	0.045538319647012715	0.0
-0.003520249663908044	-0.011355850876867251	-0.0013323785050705897	0.0033717446953963927	0.015919115239987153	0.011855128706189795	0.0
-0.0010967684192954908	-0.005573227200924193	-0.0023619959566890396	0.00024063418600086539	0.008128455632273358	0.005584270259625876	0.0
-0.026266189312062756	-0.025418848859995728	0.09024981253457529	0.019516812238512253	-0.002674170928292889	0.026299323559427202	0.0
-0.014984645466773108	-0.02153166909631461	0.036015209450195436	0.02625109755219706	0.0109598062839666	0.02308131756694441	0.0
-0.010747530969340204	-0.02207342552610473	0.011573598957209314	0.019649810459620054	0.023067056858516954	0.02379016401683689	0.0
-0.005457987724550584	-0.016753414373497942	-0.001249202381022136	0.0050296135686132845	0.023856417475174495	0.017875817879577198	0.0
-0.0030850250205671824	-0.01076114812414887	-0.0011397743883879458	0.0005627612666581517	0.015945576721581773	0.011272548043635906	0.0
-0.035560655396285376	-0.03348897123747317	0.12073750231353607	0.022368649246774508	-0.0037231766414503233	0.03423805621883666	0.0
-0.01855414355369426	-0.02775677638718712	0.04267167507264075	0.03526008223332248	0.014931109683204546	0.029798283696013828	0.0
-0.012416753300786962	-0.02699632693129873	0.010417588500220678	0.024207793499067955	0.029554483946984077	0.029192306833182035	0.0
-0.00533381137456002	-0.017026719669447084	-0.0019137021850419373	0.004289475826538705	0.02471678438016193	0.018168524393499152	0.0
-0.002646078535402574	-0.009815391676385064	-0.0015156564484339779	-1.2851522052050868e-5	0.014768577345262697	0.010234865465651935	0.0
-0.014230503690302551	-0.015133240381289562	0.049045959525732596	0.01506135465557787	-0.0003130548704326297	0.016238491669590297	0.0
-0.009025680871662096	-0.012033168488560744	0.024569865809941742	0.015359278105393255	0.004350652219550391	0.013027087472263645	0.0
-0.006502660986725455	-0.010159265313658152	0.013132879975646734	0.012805020957831932	0.00644775545783149	0.01084099101196844	0.0
-0.0031935913207107136	-0.00695422720265193	0.002804365523969533	0.006604687380735195	0.006831104329466427	0.0072111916884059655	0.0
-0.0013355509382652908	-0.004485531697077002	-0.0006277902842502925	0.002822290326689676	0.005108199116051213	0.004503233352546805	0.0
-0.04103893537218941	-0.03742272620880623	0.14034428383489458	0.020504332360671743	-0.005085893858421602	0.03805545713769945	0.0
-0.020509145404577475	-0.030823370310760476	0.04946060029191914	0.03963503487520307	0.015478034628616777	0.0331830214810432	0.0
-0.013779839269673577	-0.029673420517856326	0.01311425686285653	0.028314216984607635	0.03123392132037813	0.032133235456238946	0.0
-0.005588017346329934	-0.01773886669954056	-0.0018373790865503447	0.004626896131840259	0.02566666731849069	0.018947195034257965	0.0
-0.002504527570123769	-0.00976261424470868	-0.0020388912064704017	-0.00030628954072923874	0.014940712566343581	0.010180846605125849	0.0
-0.07340191210506009	-0.06471059229268823	0.24153453984850118	0.026689218037897637	-0.0065788261441951604	0.06467989052432647	0.0
-0.03359063045985361	-0.049641874769048716	0.08499676811487532	0.07332457135999466	0.019417502879254943	0.05338138350964692	0.0
-0.01581191364382399	-0.02673173424522173	0.024967399129433607	0.037717074598600395	0.019478915799760625	0.028740703088287897	0.0
-0.006108278892214143	-0.011439804415409281	0.006392459556623555	0.014554333173070297	0.010050590837581698	0.011991163858371118	0.0
-0.004530476449812509	-0.008961886915428848	0.0041929270395515165	0.011104942875364237	0.008003792048082086	0.00930507163439114	0.0
-0.015382347910741561	-0.034054871278164124	0.02016951081231182	0.03688792487250667	0.031509102723797484	0.03680545728243805	0.0
-0.009184893382602945	-0.017421866680560998	0.015422195670729485	0.008024067773542783	0.01806583161405827	0.018786839253561807	0.0
-0.009144527305483374	-0.024459447873185707	0.002716206099252898	0.013019594240720496	0.03175379832777152	0.02640020404372926	0.0
-0.03239826853206107	-0.03557353826850493	0.07748476827417485	0.04925553736785544	0.00950444352816516	0.036771443730281274	0.0
-0.006925735343859891	-0.012145752011367354	0.013141899512200678	0.014554378683687976	0.008552328708782373	0.012947453039696251	0.0
-0.004525016543659577	-0.006020346443081248	0.0035782903151123937	0.011355707327937866	0.004024950188032403	0.0063919620559682025	0.0
-0.01152835310575692	-0.018432605227953536	0.018966091021873105	0.031789741616446945	0.010741440488448464	0.019849654121852623	0.0
-0.013529854138432384	-0.011544898280974623	0.047742694302537664	0.007076304126665058	-0.0017011574292373189	0.012856756679220503	0.0
-0.01713985254415771	-0.029857488203963067	0.03897908936364839	0.03580087504136311	0.0195713754068518	0.03311753243607198	0.0
-0.013302820000552653	-0.021800797703040525	0.030317538041835387	0.017560123312044575	0.016382310227577676	0.02367919786013517	0.0
