0.36401650309562683	0.43598559498786926	0.0	0.0	0.0	0.0	0.5091978991648153
0.31527143716812134	0.38336578011512756	0.16724780201911926	0.039264846593141556	0.0037150243297219276	0.056098572909832	0.5091978991648153
0.26878929138183594	0.3193434178829193	0.28800052404403687	0.1250578612089157	0.026557493954896927	0.1243535578250885	0.5091978991648153
0.20872916281223297	0.21118572354316711	0.3883177936077118	0.2556627094745636	0.10893934220075607	0.23966176807880402	0.5091978991648153
0.17474240064620972	0.13531742990016937	0.4174047112464905	0.3211008608341217	0.19104422628879547	0.32054585218429565	0.5091978991648153
0.9029426574707031	0.46053141355514526	0.0	0.0	0.0	0.0	0.7449679905461356
0.7691611051559448	0.31196045875549316	0.4452053904533386	0.13205045461654663	0.013523093424737453	0.15839321911334991	0.7449679905461356
0.675980806350708	0.17856638133525848	0.6715859174728394	0.328626424074173	0.06460457295179367	0.30060622096061707	0.7449679905461356
0.6012989282608032	0.04985227435827255	0.8035898208618164	0.5106297135353088	0.14896641671657562	0.437829852104187	0.7449679905461356
0.5798282623291016	0.008873681537806988	0.8334201574325562	0.5634275078773499	0.1821390837430954	0.48151761293411255	0.7449679905461356
0.20868858695030212	0.6132372617721558	0.0	0.0	0.0	0.0	0.9739185845512711
0.13643060624599457	0.5221961736679077	0.20903241634368896	0.11453747004270554	0.02096172235906124	0.09706003963947296	0.9739185845512711
0.08078428357839584	0.4116451144218445	0.27531418204307556	0.2615193724632263	0.1142619252204895	0.214919775724411	0.9739185845512711
0.025258420035243034	0.25438469648361206	0.26057735085487366	0.3464145362377167	0.3297119438648224	0.38257697224617004	0.9739185845512711
0.0	0.16443850100040436	0.22694244980812073	0.3394257128238678	0.4810865819454193	0.4784696400165558	0.9739185845512711
0.9868100881576538	0.7471163272857666	0.0	0.0	0.0	0.0	0.5799061709460314
0.798035204410553	0.5264295935630798	0.5979644060134888	0.2220280021429062	0.035198964178562164	0.2352767437696457	0.5799061709460314
0.6681968569755554	0.3146623969078064	0.858366072177887	0.5085414052009583	0.16209319233894348	0.46104422211647034	0.5799061709460314
0.5637764930725098	0.09990758448839188	0.9790571928024292	0.734933614730835	0.36624640226364136	0.6899968385696411	0.5799061709460314
0.532421350479126	0.026941893622279167	1.0	0.7948495149612427	0.4488679766654968	0.76778644323349	0.5799061709460314
0.781662106513977	0.9730926752090454	0.0	0.0	0.0	0.0	0.7616721315345464
0.5485014915466309	0.6694760918617249	0.6541216969490051	0.3719209134578705	0.08944584429264069	0.32368916273117065	0.7616721315345464
0.4095050096511841	0.3847980201244354	0.810939371585846	0.7011555433273315	0.3514702320098877	0.6271878480911255	0.7616721315345464
0.3097732663154602	0.12061751633882523	0.8188658952713013	0.8646877408027649	0.6940855979919434	0.9088337421417236	0.7616721315345464
0.28140684962272644	0.03510473296046257	0.8047015070915222	0.8910706043243408	0.8202010989189148	1.0	0.7616721315345464
0.29569998383522034	0.8422252535820007	0.0	0.0	0.0	0.0	0.5152442098271892
0.21965686976909637	0.7504971027374268	0.23361974954605103	0.0963597446680069	0.01887078396975994	0.09779238700866699	0.5152442098271892
0.15435796976089478	0.6310707926750183	0.3392639458179474	0.23712047934532166	0.11292241513729095	0.22511419653892517	0.5152442098271892
0.08031228184700012	0.4373655319213867	0.3545868992805481	0.33828505873680115	0.3668631911277771	0.431625634431839	0.5152442098271892
0.0423903651535511	0.31111177802085876	0.3194185793399811	0.33849504590034485	0.5714459419250488	0.5662262439727783	0.5152442098271892
0.35141047835350037	0.8422225713729858	0.0	0.0	0.0	0.0	0.6104579735242067
0.25567007064819336	0.7242317199707031	0.28687429428100586	0.1312154084444046	0.02695610001683235	0.12579147517681122	0.6104579735242067
0.17856058478355408	0.5774534940719604	0.3985086977481842	0.3042295575141907	0.14938658475875854	0.28227344155311584	0.6104579735242067
0.09794601052999496	0.3603917360305786	0.40300318598747253	0.4132070541381836	0.44018620252609253	0.5136855244636536	0.6104579735242067
0.059806939214468	0.23220692574977875	0.3652796745300293	0.413048654794693	0.6487813591957092	0.6503448486328125	0.6104579735242067
0.25949031114578247	0.4508712589740753	0.0	0.0	0.0	0.0	0.6676459024342384
0.21283529698848724	0.3989733159542084	0.1551515907049179	0.045771874487400055	0.004980402532964945	0.05532899498939514	0.6676459024342384
0.16952267289161682	0.3343256115913391	0.25478917360305786	0.13831059634685516	0.034441109746694565	0.12425068020820618	0.6676459024342384
0.11543935537338257	0.2248203009366989	0.3195374310016632	0.2611156702041626	0.1348591297864914	0.2409955859184265	0.6676459024342384
0.08558696508407593	0.14846155047416687	0.32710760831832886	0.31133192777633667	0.23091289401054382	0.3224025070667267	0.6676459024342384
0.4503077268600464	0.8696399331092834	0.0	0.0	0.0	0.0	0.5224770085200439
0.34147289395332336	0.7378469705581665	0.3329675793647766	0.13955631852149963	0.02775256708264351	0.14050604403018951	0.5224770085200439
0.2532232999801636	0.5766326189041138	0.47586899995803833	0.33091238141059875	0.15415258705615997	0.31237855553627014	0.5224770085200439
0.16067205369472504	0.3409692049026489	0.5054277777671814	0.4690239131450653	0.4539417326450348	0.5636220574378967	0.5224770085200439
0.11765644699335098	0.2052159309387207	0.4768754541873932	0.48582595586776733	0.6648638248443604	0.7083502411842346	0.5224770085200439
1.0	0.60044264793396	0.0	0.0	0.0	0.0	0.8527689396741762
0.7983182072639465	0.36327335238456726	0.6315092444419861	0.2574639916419983	0.03566908836364746	0.2528489828109741	0.8527689396741762
0.6813492774963379	0.17449404299259186	0.8637363314628601	0.5441763997077942	0.13823221623897552	0.4541088044643402	0.8527689396741762
0.6077584624290466	0.03181353583931923	0.959635317325592	0.7334385514259338	0.25490307807922363	0.6062222123146057	0.8527689396741762
0.5926393270492554	0.0	0.9745503067970276	0.7711832523345947	0.28484615683555603	0.6401389241218567	0.8527689396741762
0.6415915092975462	1.12081750831959	0.8047913447178745	0.13734787442250956	0.5750405293190308	0.6846389092820861	-0.06073717458336486
0.3008969022307639	0.3969613524117243	0.33291390163534545	1.1800304044475542	0.40554303843039036	0.6082659625664968	0.3400997461987008
0.28195459922120125	0.2529978638619624	0.45616444367636083	0.023452248834425676	-0.18107236273487534	0.8617053292738015	1.1088351231817724
0.4993715593699412	0.45932820316245865	1.1680787059244013	0.6926494044107527	0.2551065632921708	-0.08309444267523493	0.7184122564507855
0.5740807397648577	0.13554582651914748	0.654670752110154	0.8307645639817096	0.4583381522595779	0.2861931263062489	0.6629419920423669
0.06216267235328776	0.23154045855979327	0.35630080588081775	0.42297817181879255	0.14435663226950196	-0.13271935206945426	1.0761983384994056
1.1825651612965513	0.22761713958897895	1.0754363202275052	0.9970137861241071	0.857464131996496	-0.1999954106646746	1.1380145465212095
0.8517338257739167	-0.06594425004348875	-0.17136535881568232	0.7058732559324299	-0.11154867879414493	0.7704633055421761	0.955933196392095
0.9872853651495992	0.38248632298403157	0.20414525848862503	0.9445593976103241	0.5933353136751132	0.5671289289019548	0.841825866230179
0.08770877383012482	0.7801341110073103	-0.1620118463294501	0.5427520240005765	0.31355430867374384	0.4093404586104807	0.696440241689082
