0.8626101285015747	0.8732152469278424	0.0	0.0	0.0	0.0	0.9355381279796522
0.9504459286038573	0.65183850864417	0.0	0.0	0.0	0.0	0.05102389083331008
0.39908567029218384	0.9999999984046508	0.0	0.0	0.0	0.0	0.0
0.34394948155834	0.7882014093955148	0.0	0.0	0.0	0.0	0.2941303140108296
0.7511155675015546	0.5866500865289537	0.0	0.0	0.0	0.0	0.49135366791544094
0.4934331947936938	0.3273104117814517	0.0	0.0	0.0	0.0	0.6658567359017716
0.4554520884621284	0.28706815853131906	0.0	0.0	0.0	0.0	0.8543779429083278
0.1946075168052225	0.799341675207801	0.0	0.0	0.0	0.0	0.22118438102588714
0.8521191961348664	0.4966755440631636	0.0	0.0	0.0	0.0	0.3745405625553705
0.9764660340854434	0.740619534267558	0.0	0.0	0.0	0.0	0.3463078276168668
0.7872221601768694	0.7404934083485802	0.0	0.0	0.0	0.0	0.5180064264419858
0.3290472191345088	0.6099392774190133	0.0	0.0	0.0	0.0	0.14275900689877738
0.9599082587406141	0.5863581132935706	0.0	0.0	0.0	0.0	0.1457741129044014
0.8871891654839758	0.7492590608293705	0.0	0.0	0.0	0.0	0.8432395026924151
0.8359434151626763	0.8651680050867239	0.0	0.0	0.0	0.0	0.9133159665449142
0.6273866268452026	0.7803249039015941	0.0	0.0	0.0	0.0	0.23537680410472747
0.9403140436591646	0.8383769153590067	0.0	0.0	0.0	0.0	0.5195325662558323
0.6094537957964424	0.7370956110581741	0.0	0.0	0.0	0.0	0.8576419982907414
0.427502330489423	0.9757277009504961	0.0	0.0	0.0	0.0	1.0
0.5704519677552661	0.8860125619146304	0.0	0.0	0.0	0.0	0.7527059523934526
0.3640164947835286	0.43598558405095905	0.0	0.0	0.0	0.0	0.5091978991648153
0.9029426812188277	0.4605314061647547	0.0	0.0	0.0	0.0	0.7449679905461356
0.2086885860098915	0.6132372846860872	0.0	0.0	0.0	0.0	0.9739185845512711
0.9868101555831866	0.7471163521073532	0.0	0.0	0.0	0.0	0.5799061709460314
0.7816621347136105	0.9730926873963903	0.0	0.0	0.0	0.0	0.7616721315345464
0.29569997783917334	0.8422251996550121	0.0	0.0	0.0	0.0	0.5152442098271892
0.3514104654879739	0.8422225890075014	0.0	0.0	0.0	0.0	0.6104579735242067
0.25949032317308124	0.4508712509141709	0.0	0.0	0.0	0.0	0.6676459024342384
0.45030773770660487	0.8696399256067106	0.0	0.0	0.0	0.0	0.5224770085200439
1.0000000462635004	0.6004426436352346	0.0	0.0	0.0	0.0	0.8527689396741762
0.3640164947835286	0.43598558405095905	0.0	0.0	0.0	0.0	0.5091978991648153
0.9029426812188277	0.4605314061647547	0.0	0.0	0.0	0.0	0.7449679905461356
0.2086885860098915	0.6132372846860872	0.0	0.0	0.0	0.0	0.9739185845512711
0.9868101555831866	0.7471163521073532	0.0	0.0	0.0	0.0	0.5799061709460314
0.7816621347136105	0.9730926873963903	0.0	0.0	0.0	0.0	0.7616721315345464
0.29569997783917334	0.8422251996550121	0.0	0.0	0.0	0.0	0.5152442098271892
0.3514104654879739	0.8422225890075014	0.0	0.0	0.0	0.0	0.6104579735242067
0.25949032317308124	0.4508712509141709	0.0	0.0	0.0	0.0	0.6676459024342384
0.45030773770660487	0.8696399256067106	0.0	0.0	0.0	0.0	0.5224770085200439
1.0000000462635004	0.6004426436352346	0.0	0.0	0.0	0.0	0.8527689396741762
