1.71553175	1.67239145	0.0	0.0	0.0	0.0	341.680724
1.87486295	1.25264315	0.0	0.0	0.0	0.0	324.4394927
0.874713905	1.91278565	0.0	0.0	0.0	0.0	323.44491888
0.774698705	1.5111983	0.0	0.0	0.0	0.0	329.1782
1.5132843500000002	1.1290406000000002	0.0	0.0	0.0	0.0	333.02254
1.045857155	0.637311485	0.0	0.0	0.0	0.0	336.424009
0.9769607	0.5610089	0.0	0.0	0.0	0.0	340.098724
0.503797382	1.53232115	0.0	0.0	0.0	0.0	327.7563148
1.69650155	0.95844155	0.0	0.0	0.0	0.0	330.745582
1.92206255	1.4209791950000001	0.0	0.0	0.0	0.0	330.1952606
1.5787805000000001	1.42074005	0.0	0.0	0.0	0.0	333.542064
0.7476665	1.1731988	0.0	0.0	0.0	0.0	326.2276226
1.8920273	1.128486995	0.0	0.0	0.0	0.0	326.286394
1.7601173	1.43736044	0.0	0.0	0.0	0.0	339.88161
1.667159225	1.657133225	0.0	0.0	0.0	0.0	341.2475626
1.288844195	1.496263805	0.0	0.0	0.0	0.0	328.032958
1.8564840500000002	1.60633514	0.0	0.0	0.0	0.0	333.571812
1.2563146399999998	1.4142975500000001	0.0	0.0	0.0	0.0	340.162348
0.926260775	1.8667634	0.0	0.0	0.0	0.0	342.9372352
1.18556663	1.6966562	0.0	0.0	0.0	0.0	338.1169014
0.811099595	0.84336845	0.0	0.0	0.0	0.0	333.3703654
1.78869365	0.8899093250000001	0.0	0.0	0.0	0.0	337.9660706
0.52933997	1.17945209	0.0	0.0	0.0	0.0	342.428848
1.94082644	1.43329769	0.0	0.0	0.0	0.0	334.7486334
1.5686947999999998	1.8617672	0.0	0.0	0.0	0.0	338.291673
0.687175721	1.6136318	0.0	0.0	0.0	0.0	333.488222
0.78823268	1.61362685	0.0	0.0	0.0	0.0	335.3441588
0.6214926199999999	0.871592885	0.0	0.0	0.0	0.0	336.458884
0.96762902	1.66561235	0.0	0.0	0.0	0.0	333.629206
1.96475246	1.1551924100000002	0.0	0.0	0.0	0.0	340.0673608
0.811099595	0.84336845	0.0	0.0	0.0	0.0	333.3703654
1.78869365	0.8899093250000001	0.0	0.0	0.0	0.0	337.9660706
0.52933997	1.17945209	0.0	0.0	0.0	0.0	342.428848
1.94082644	1.43329769	0.0	0.0	0.0	0.0	334.7486334
1.5686947999999998	1.8617672	0.0	0.0	0.0	0.0	338.291673
0.687175721	1.6136318	0.0	0.0	0.0	0.0	333.488222
0.78823268	1.61362685	0.0	0.0	0.0	0.0	335.3441588
0.6214926199999999	0.871592885	0.0	0.0	0.0	0.0	336.458884
0.96762902	1.66561235	0.0	0.0	0.0	0.0	333.629206
1.96475246	1.1551924100000002	0.0	0.0	0.0	0.0	340.0673608
