pairing OK: identical initial state_dicts for arm1/arm2 and arm3/arm4, every seed

per-seed
arm | seed | train@1k | train@2.5k | train@5k | train@10k | test@1k | test@2.5k | test@5k | test@10k | best-train epoch | spikes>10x | max train/runmin
arm1_refinit_lr1e-3 | 0 | 3.24e-02 | 1.84e-02 | 8.06e-03 | 6.33e-03 | 3.83e-02 | 2.31e-02 | 8.36e-03 | 6.87e-03 | 9999 | 0 | 1.0
arm1_refinit_lr1e-3 | 1 | 4.95e-03 | 3.26e-03 | 2.75e-03 | 2.50e-03 | 6.15e-03 | 3.48e-03 | 2.52e-03 | 2.71e-03 | 9991 | 0 | 1.0
arm1_refinit_lr1e-3 | 2 | 1.89e-02 | 1.74e-02 | 1.03e-02 | 1.02e-02 | 2.53e-02 | 2.39e-02 | 1.08e-02 | 1.07e-02 | 9997 | 0 | 1.0
arm1_refinit_lr1e-3 | 3 | 5.91e-03 | 2.10e-03 | 1.30e-03 | 8.43e-04 | 5.96e-03 | 2.47e-03 | 1.99e-03 | 1.80e-03 | 9970 | 0 | 1.1
arm1_refinit_lr1e-3 | 4 | 2.38e-03 | 1.14e-03 | 7.52e-04 | 3.10e-04 | 2.02e-03 | 1.74e-03 | 1.41e-03 | 1.07e-03 | 9990 | 0 | 1.2
arm2_refinit_lr2e-3 | 0 | 2.18e-02 | 1.02e-02 | 6.62e-03 | 2.60e-03 | 2.89e-02 | 1.02e-02 | 6.54e-03 | 3.28e-03 | 9999 | 0 | 1.0
arm2_refinit_lr2e-3 | 1 | 3.82e-03 | 3.01e-03 | 2.63e-03 | 2.47e-03 | 4.87e-03 | 3.42e-03 | 2.63e-03 | 2.80e-03 | 9999 | 0 | 1.0
arm2_refinit_lr2e-3 | 2 | 1.77e-02 | 1.07e-02 | 1.03e-02 | 1.02e-02 | 2.42e-02 | 1.17e-02 | 1.17e-02 | 1.22e-02 | 9957 | 0 | 1.0
arm2_refinit_lr2e-3 | 3 | 2.74e-03 | 1.53e-03 | 1.05e-03 | 8.77e-04 | 3.89e-03 | 2.84e-03 | 2.05e-03 | 2.23e-03 | 9974 | 0 | 1.2
arm2_refinit_lr2e-3 | 4 | 1.44e-03 | 7.76e-04 | 5.12e-04 | 2.44e-04 | 1.91e-03 | 1.77e-03 | 1.30e-03 | 1.20e-03 | 9999 | 0 | 1.2
arm3_torchinit_lr1e-3 | 0 | 7.19e-03 | 2.38e-03 | 1.38e-03 | 1.12e-03 | 7.92e-03 | 2.74e-03 | 2.71e-03 | 3.05e-03 | 9999 | 0 | 1.4
arm3_torchinit_lr1e-3 | 1 | 3.84e-03 | 1.42e-03 | 1.17e-03 | 9.93e-04 | 3.80e-03 | 1.85e-03 | 1.75e-03 | 1.88e-03 | 9989 | 0 | 1.0
arm3_torchinit_lr1e-3 | 2 | 8.58e-03 | 2.57e-03 | 1.20e-03 | 9.75e-04 | 9.64e-03 | 3.00e-03 | 1.66e-03 | 1.45e-03 | 9962 | 0 | 1.1
arm3_torchinit_lr1e-3 | 3 | 6.00e-03 | 3.58e-03 | 3.48e-03 | 3.45e-03 | 6.29e-03 | 4.11e-03 | 3.90e-03 | 3.78e-03 | 9999 | 0 | 1.0
arm3_torchinit_lr1e-3 | 4 | 3.52e-03 | 1.02e-03 | 6.51e-04 | 5.06e-04 | 4.08e-03 | 2.44e-03 | 1.65e-03 | 1.59e-03 | 9971 | 0 | 1.0
arm4_torchinit_lr2e-3 | 0 | 3.16e-03 | 1.42e-03 | 8.77e-04 | 7.28e-04 | 3.85e-03 | 2.37e-03 | 2.35e-03 | 2.28e-03 | 9999 | 0 | 1.3
arm4_torchinit_lr2e-3 | 1 | 2.25e-03 | 1.52e-03 | 1.30e-03 | 9.92e-04 | 3.04e-03 | 2.51e-03 | 2.54e-03 | 2.59e-03 | 9974 | 0 | 1.9
arm4_torchinit_lr2e-3 | 2 | 2.25e-03 | 1.49e-03 | 9.43e-04 | 8.66e-04 | 2.93e-03 | 2.24e-03 | 1.46e-03 | 1.72e-03 | 9975 | 0 | 1.0
arm4_torchinit_lr2e-3 | 3 | 3.79e-03 | 3.49e-03 | 3.44e-03 | 3.36e-03 | 4.10e-03 | 3.69e-03 | 3.53e-03 | 3.38e-03 | 9995 | 0 | 1.0
arm4_torchinit_lr2e-3 | 4 | 1.41e-03 | 7.35e-04 | 5.00e-04 | 4.80e-04 | 2.37e-03 | 1.47e-03 | 1.17e-03 | 1.39e-03 | 9942 | 0 | 1.1

arm-level
arm1_refinit_lr1e-3 | train med 5.91e-03 3.26e-03 2.75e-03 2.50e-03 | test med 6.15e-03 3.48e-03 2.52e-03 2.71e-03 | best 3.10e-04 worst 1.02e-02 spread 33.0x | test10k range 1.07e-03-1.07e-02
arm2_refinit_lr2e-3 | train med 3.82e-03 3.01e-03 2.63e-03 2.47e-03 | test med 4.87e-03 3.42e-03 2.63e-03 2.80e-03 | best 2.44e-04 worst 1.02e-02 spread 42.0x | test10k range 1.20e-03-1.22e-02
arm3_torchinit_lr1e-3 | train med 6.00e-03 2.38e-03 1.20e-03 9.93e-04 | test med 6.29e-03 2.74e-03 1.75e-03 1.88e-03 | best 5.06e-04 worst 3.45e-03 spread 6.8x | test10k range 1.45e-03-3.78e-03
arm4_torchinit_lr2e-3 | train med 2.25e-03 1.49e-03 9.43e-04 8.66e-04 | test med 3.04e-03 2.37e-03 2.35e-03 2.28e-03 | best 4.80e-04 worst 3.36e-03 spread 7.0x | test10k range 1.39e-03-3.38e-03
